1 1 6.87898e+08
1 2 6.83857e+08
1 3 6.87659e+08
1 4 6.90016e+08
1 5 6.83631e+08
1 6 6.93853e+08
1 7 6.86301e+08
1 8 6.89505e+08
1 9 6.83471e+08
1 10 6.82613e+08
1 11 6.88769e+08
1 12 6.90638e+08
1 13 6.93355e+08
1 14 6.87951e+08
1 15 6.89646e+08
1 16 6.87571e+08
1 17 6.91979e+08
1 18 6.85839e+08
1 19 6.88327e+08
1 20 6.90151e+08
1 21 6.89307e+08
1 22 6.88434e+08
1 23 6.87184e+08
1 24 6.813e+08
1 25 6.81031e+08
1 26 6.96464e+08
1 27 6.91333e+08
1 28 6.91608e+08
1 29 6.82584e+08
1 30 6.84845e+08
1 31 6.88954e+08
1 32 6.89731e+08
1 33 6.86274e+08
1 34 6.8815e+08
1 35 6.85646e+08
1 36 6.80494e+08
1 37 6.86073e+08
1 38 6.78861e+08
1 39 6.92644e+08
1 40 6.81801e+08
1 41 6.88211e+08
1 42 6.81857e+08
1 43 6.8483e+08
1 44 6.92579e+08
1 45 6.84624e+08
1 46 6.86518e+08
1 47 6.84386e+08
1 48 6.91146e+08
1 49 6.94889e+08
1 50 6.78256e+08
1 51 6.79672e+08
1 52 6.96782e+08
1 53 6.92927e+08
1 54 6.7841e+08
1 55 6.90093e+08
1 56 6.92237e+08
1 57 6.79679e+08
1 58 6.87785e+08
1 59 6.92292e+08
1 60 6.87399e+08
1 61 6.84257e+08
1 62 6.89582e+08
1 63 6.85868e+08
1 64 6.88486e+08
1 65 6.89104e+08
1 66 6.88082e+08
1 67 6.80862e+08
1 68 6.90175e+08
1 69 6.84533e+08
1 70 6.93106e+08
1 71 6.83801e+08
1 72 6.90111e+08
1 73 6.83053e+08
1 74 6.80243e+08
1 75 6.78185e+08
1 76 6.93252e+08
1 77 6.83569e+08
1 78 6.87116e+08
1 79 6.79297e+08
1 80 6.81521e+08
1 81 6.90304e+08
1 82 6.90947e+08
1 83 6.92492e+08
1 84 6.89263e+08
1 85 6.8802e+08
1 86 6.93795e+08
1 87 6.84977e+08
1 88 6.92251e+08
1 89 6.80498e+08
1 90 6.87694e+08
1 91 6.91285e+08
1 92 6.85143e+08
1 93 6.96129e+08
1 94 6.88678e+08
1 95 6.81195e+08
1 96 6.90655e+08
1 97 6.77228e+08
1 98 6.83063e+08
1 99 6.86584e+08
1 100 6.82863e+08
1 101 6.84962e+08
1 102 6.80826e+08
1 103 6.84609e+08
1 104 6.96094e+08
1 105 6.88392e+08
1 106 6.88132e+08
1 107 6.88912e+08
1 108 6.85701e+08
1 109 6.89404e+08
1 110 6.95128e+08
1 111 6.89406e+08
1 112 6.89548e+08
1 113 6.85051e+08
1 114 6.89392e+08
1 115 6.93349e+08
1 116 6.86466e+08
1 117 6.86319e+08
1 118 6.78286e+08
1 119 6.87254e+08
1 120 6.81607e+08
1 121 6.94635e+08
1 122 6.91972e+08
1 123 6.90247e+08
1 124 6.87851e+08
1 125 6.89736e+08
1 126 6.86287e+08
1 127 6.86647e+08
1 128 6.85563e+08
1 129 6.8035e+08
1 130 6.88685e+08
1 131 6.86576e+08
1 132 6.96361e+08
1 133 6.79393e+08
1 134 6.8435e+08
1 135 6.90891e+08
1 136 6.8598e+08
1 137 6.85578e+08
1 138 6.80446e+08
1 139 6.88238e+08
1 140 6.85837e+08
1 141 6.86043e+08
1 142 6.83836e+08
1 143 6.84656e+08
1 144 6.90277e+08
1 145 6.87937e+08
1 146 6.89145e+08
1 147 6.96603e+08
1 148 6.85594e+08
1 149 6.89957e+08
1 150 6.83624e+08
1 151 6.84485e+08
1 152 6.86256e+08
1 153 6.83753e+08
1 154 6.91595e+08
1 155 6.80776e+08
1 156 6.83541e+08
1 157 6.86448e+08
1 158 6.92769e+08
1 159 6.83881e+08
1 160 6.92131e+08
1 161 6.86186e+08
1 162 6.93208e+08
1 163 6.92257e+08
1 164 6.87322e+08
1 165 6.86744e+08
1 166 6.88498e+08
1 167 6.8991e+08
1 168 6.8515e+08
1 169 6.82965e+08
1 170 6.88084e+08
1 171 6.9328e+08
1 172 6.85271e+08
1 173 6.85055e+08
1 174 6.87699e+08
1 175 6.88946e+08
1 176 6.81458e+08
1 177 6.90546e+08
1 178 6.96263e+08
1 179 6.83241e+08
1 180 6.79067e+08
1 181 6.8752e+08
1 182 6.85008e+08
1 183 6.85634e+08
1 184 6.89224e+08
1 185 6.90391e+08
1 186 6.87324e+08
1 187 6.84116e+08
1 188 6.92031e+08
1 189 6.7552e+08
1 190 6.92789e+08
1 191 6.85688e+08
1 192 6.85309e+08
1 193 6.84315e+08
1 194 6.90412e+08
1 195 6.8641e+08
1 196 6.88154e+08
1 197 6.86655e+08
1 198 6.85463e+08
1 199 6.8947e+08
1 200 6.93042e+08
1 201 6.93704e+08
1 202 6.80838e+08
1 203 6.86759e+08
1 204 6.86913e+08
1 205 6.94208e+08
1 206 6.84842e+08
1 207 6.8163e+08
1 208 6.83838e+08
1 209 6.86416e+08
1 210 6.92969e+08
1 211 6.88418e+08
1 212 6.89544e+08
1 213 6.83818e+08
1 214 6.8744e+08
1 215 6.8328e+08
1 216 6.86267e+08
1 217 6.90358e+08
1 218 6.78566e+08
1 219 6.79292e+08
1 220 6.78167e+08
1 221 6.84461e+08
1 222 6.8735e+08
1 223 6.96478e+08
1 224 6.83497e+08
1 225 6.93456e+08
1 226 6.84368e+08
1 227 6.83396e+08
1 228 6.91917e+08
1 229 6.84078e+08
1 230 6.94369e+08
1 231 6.81967e+08
1 232 6.82853e+08
1 233 6.90657e+08
1 234 6.88349e+08
1 235 6.81564e+08
1 236 6.86004e+08
1 237 6.9302e+08
1 238 6.78156e+08
1 239 6.87783e+08
1 240 6.84273e+08
1 241 6.84491e+08
1 242 6.86768e+08
1 243 6.91521e+08
1 244 6.84707e+08
1 245 6.90098e+08
1 246 6.94598e+08
1 247 6.85177e+08
1 248 6.83624e+08
1 249 6.90461e+08
1 250 6.86225e+08
1 251 6.93558e+08
1 252 6.81717e+08
1 253 6.93108e+08
1 254 6.89146e+08
1 255 6.82102e+08
1 256 6.91234e+08
1 257 6.87897e+08
1 258 6.90892e+08
1 259 6.90294e+08
1 260 6.81494e+08
1 261 6.85066e+08
1 262 6.87108e+08
1 263 6.94819e+08
1 264 6.86532e+08
1 265 6.85106e+08
1 266 6.80461e+08
1 267 6.87597e+08
1 268 6.81923e+08
1 269 6.84355e+08
1 270 6.8908e+08
1 271 6.84187e+08
1 272 6.88601e+08
1 273 6.8151e+08
1 274 6.87135e+08
1 275 6.90328e+08
1 276 6.93215e+08
1 277 6.89989e+08
1 278 6.86514e+08
1 279 6.866e+08
1 280 6.9088e+08
1 281 6.92169e+08
1 282 6.84999e+08
1 283 6.83531e+08
1 284 6.8521e+08
1 285 6.87277e+08
1 286 6.86727e+08
1 287 6.91085e+08
1 288 6.87646e+08
1 289 6.89717e+08
1 290 6.932e+08
1 291 6.8688e+08
1 292 6.85696e+08
1 293 6.83824e+08
1 294 6.90312e+08
1 295 6.87638e+08
1 296 6.87571e+08
1 297 6.94884e+08
1 298 6.74048e+08
1 299 6.9269e+08
1 300 6.82032e+08
2 1 6.2619e+08
2 2 6.21841e+08
2 3 6.24293e+08
2 4 6.17159e+08
2 5 6.18604e+08
2 6 6.24216e+08
2 7 6.2187e+08
2 8 6.18233e+08
2 9 6.30758e+08
2 10 6.15058e+08
2 11 6.22196e+08
2 12 6.29005e+08
2 13 6.22028e+08
2 14 6.21143e+08
2 15 6.20475e+08
2 16 6.28988e+08
2 17 6.16891e+08
2 18 6.16561e+08
2 19 6.26174e+08
2 20 6.18717e+08
2 21 6.26262e+08
2 22 6.27153e+08
2 23 6.24798e+08
2 24 6.21013e+08
2 25 6.15514e+08
2 26 6.17439e+08
2 27 6.22131e+08
2 28 6.20482e+08
2 29 6.2257e+08
2 30 6.28122e+08
2 31 6.21501e+08
2 32 6.14732e+08
2 33 6.23862e+08
2 34 6.26817e+08
2 35 6.1979e+08
2 36 6.17676e+08
1 298 6.74048e+08
2 298 6.17914e+08
3 298 6.38456e+08
4 298 5.94099e+08
5 298 6.17215e+08
6 298 6.02471e+08
7 298 6.36956e+08
8 298 6.22056e+08
9 298 6.12505e+08
10 298 6.18052e+08
11 298 6.27166e+08
12 298 6.18893e+08
13 298 6.24081e+08
14 298 6.23033e+08
15 298 6.07543e+08
16 298 6.28705e+08
17 298 6.21572e+08
18 298 6.33831e+08
19 298 6.30132e+08
20 298 6.22719e+08
21 298 6.2117e+08
22 298 6.31236e+08
23 298 6.28894e+08
24 298 6.22671e+08
25 298 6.28573e+08
26 298 6.23737e+08
27 298 6.28694e+08
28 298 6.22868e+08
29 298 6.29109e+08
30 298 6.20256e+08
31 298 6.29587e+08
32 298 6.11349e+08
33 298 6.24411e+08
34 298 6.35361e+08
35 298 6.2457e+08
36 298 6.33485e+08
37 298 6.11969e+08
38 298 6.31559e+08
39 298 6.36787e+08
40 298 6.3221e+08
41 298 6.0901e+08
42 298 6.32246e+08
43 298 6.47452e+08
44 298 6.27631e+08
45 298 6.35973e+08
46 298 6.29083e+08
47 298 6.24868e+08
48 298 6.3781e+08
49 298 6.21388e+08
50 298 6.31733e+08
51 298 6.09193e+08
52 298 6.33501e+08
53 298 6.36457e+08
54 298 6.37458e+08
55 298 6.33681e+08
56 298 6.22853e+08
57 298 6.10348e+08
58 298 6.23164e+08
59 298 6.38413e+08
60 298 6.38613e+08
61 298 6.2732e+08
62 298 6.23144e+08
63 298 6.05645e+08
64 298 6.02594e+08
65 298 6.29346e+08
66 298 6.26119e+08
67 298 6.35561e+08
68 298 6.41537e+08
69 298 6.42203e+08
70 298 6.34073e+08
71 298 6.16345e+08
72 298 6.01733e+08
73 298 6.0842e+08
74 298 6.24508e+08
75 298 6.10807e+08
76 298 6.47567e+08
77 298 6.37322e+08
78 298 6.35195e+08
79 298 6.30739e+08
80 298 7.45609e+08
81 298 7.42871e+08
82 298 7.3985e+08
83 298 7.36624e+08
84 298 6.29816e+08
85 298 6.15398e+08
86 298 6.2049e+08
87 298 6.20056e+08
88 298 6.14646e+08
89 298 6.10923e+08
90 298 6.03174e+08
91 298 6.34432e+08
92 298 6.2748e+08
93 298 6.34011e+08
94 298 6.4442e+08
95 298 6.37689e+08
96 298 6.42613e+08
97 298 6.46149e+08
98 298 7.44064e+08
99 298 7.44345e+08
100 298 7.48717e+08
101 298 7.41609e+08
102 298 7.43643e+08
103 298 7.37451e+08
104 298 7.43266e+08
105 298 7.49747e+08
106 298 7.49285e+08
107 298 7.40541e+08
108 298 7.52475e+08
109 298 7.44129e+08
110 298 7.54316e+08
111 298 7.60955e+08
112 298 7.47492e+08
113 298 7.47693e+08
114 298 7.52402e+08
115 298 7.51027e+08
116 298 7.52591e+08
117 298 7.45828e+08
118 298 6.17335e+08
119 298 6.10845e+08
120 298 6.22445e+08
121 298 6.37273e+08
122 298 6.30172e+08
123 298 6.34236e+08
124 298 6.28825e+08
125 298 6.18506e+08
126 298 6.05358e+08
127 298 6.09744e+08
128 298 6.24052e+08
129 298 6.39822e+08
130 298 6.46053e+08
131 298 6.41024e+08
132 298 6.40991e+08
133 298 6.56638e+08
134 298 6.53551e+08
135 298 6.43222e+08
136 298 6.46857e+08
137 298 6.4378e+08
138 298 6.43971e+08
4 298 5.94099e+08
