1 1 2.46369e+09
1 1 2.46369e+09
2 1 2.09534e+09
3 1 2.15581e+09
4 1 2.08669e+09
5 1 2.115e+09
6 1 2.09585e+09
7 1 2.11664e+09
8 1 2.11829e+09
9 1 2.16149e+09
10 1 2.1346e+09
11 1 2.16258e+09
12 1 2.12857e+09
13 1 2.17317e+09
14 1 2.13405e+09
15 1 2.17838e+09
16 1 2.15685e+09
17 1 2.17402e+09
18 1 2.18388e+09
19 1 2.19588e+09
20 1 2.16985e+09
21 1 2.20904e+09
22 1 2.17949e+09
23 1 2.21249e+09
24 1 2.19891e+09
25 1 2.18112e+09
26 1 2.17779e+09
27 1 2.19414e+09
28 1 2.16172e+09
29 1 2.2044e+09
30 1 2.18024e+09
31 1 2.18179e+09
32 1 2.18197e+09
33 1 2.19452e+09
34 1 2.16583e+09
35 1 2.20325e+09
36 1 2.18635e+09
37 1 2.18271e+09
38 1 2.1683e+09
39 1 2.23621e+09
40 1 2.16771e+09
41 1 2.19556e+09
42 1 2.19571e+09
43 1 2.18043e+09
44 1 2.19398e+09
45 1 2.19955e+09
46 1 2.18185e+09
47 1 2.18443e+09
48 1 2.16381e+09
49 1 2.20641e+09
50 1 2.19045e+09
51 1 2.19006e+09
52 1 2.16714e+09
53 1 2.20231e+09
54 1 2.16123e+09
55 1 2.18133e+09
56 1 2.18931e+09
57 1 2.1876e+09
58 1 2.19028e+09
59 1 2.16947e+09
60 1 2.22171e+09
61 1 2.20689e+09
62 1 2.17287e+09
63 1 2.17224e+09
64 1 2.1965e+09
65 1 2.18078e+09
66 1 2.14953e+09
67 1 2.20076e+09
68 1 2.15143e+09
69 1 2.16679e+09
70 1 2.19995e+09
71 1 2.19494e+09
72 1 2.14464e+09
73 1 2.16375e+09
74 1 2.17795e+09
75 1 2.19854e+09
76 1 2.16303e+09
77 1 2.17754e+09
78 1 2.19654e+09
79 1 2.19198e+09
80 1 2.13536e+09
81 1 2.15059e+09
82 1 2.15748e+09
83 1 2.18884e+09
84 1 2.18618e+09
85 1 2.17895e+09
86 1 2.14775e+09
87 1 2.15897e+09
88 1 2.15899e+09
89 1 2.16692e+09
90 1 2.19722e+09
91 1 2.18262e+09
92 1 2.11279e+09
93 1 2.11812e+09
94 1 2.14128e+09
95 1 2.18188e+09
96 1 2.12221e+09
97 1 2.14114e+09
98 1 2.16464e+09
99 1 2.19615e+09
100 1 2.2144e+09
101 1 2.13699e+09
102 1 2.13721e+09
103 1 2.1593e+09
104 1 2.11239e+09
105 1 2.14611e+09
106 1 2.153e+09
107 1 2.16187e+09
108 1 2.12462e+09
109 1 2.15116e+09
110 1 2.20515e+09
111 1 2.208e+09
112 1 2.18224e+09
113 1 2.20446e+09
114 1 2.20596e+09
115 1 2.16418e+09
116 1 2.16497e+09
117 1 2.11185e+09
118 1 2.13374e+09
119 1 2.12835e+09
120 1 2.11552e+09
121 1 2.12866e+09
122 1 2.13468e+09
123 1 2.15873e+09
124 1 2.14608e+09
125 1 2.16488e+09
126 1 2.15796e+09
127 1 2.1952e+09
128 1 2.17483e+09
129 1 2.21082e+09
130 1 2.25181e+09
131 1 2.22762e+09
132 1 2.23538e+09
133 1 2.24417e+09
134 1 2.23725e+09
135 1 2.2327e+09
136 1 2.18581e+09
137 1 2.18914e+09
138 1 2.18251e+09
139 1 2.19428e+09
140 1 2.17409e+09
141 1 2.17009e+09
142 1 2.16258e+09
143 1 2.13951e+09
144 1 2.14136e+09
145 1 2.12881e+09
146 1 2.13744e+09
147 1 2.16033e+09
148 1 2.14266e+09
149 1 2.17274e+09
150 1 2.12005e+09
151 1 2.17269e+09
152 1 2.14634e+09
153 1 2.16269e+09
154 1 2.15893e+09
155 1 2.17937e+09
156 1 2.18953e+09
157 1 2.19685e+09
158 1 2.21533e+09
159 1 2.21133e+09
160 1 2.3104e+09
161 1 2.28904e+09
162 1 2.30597e+09
163 1 2.27861e+09
164 1 2.27414e+09
165 1 2.29864e+09
166 1 2.30844e+09
167 1 2.30197e+09
168 1 2.29906e+09
169 1 2.30521e+09
170 1 2.31664e+09
171 1 2.27609e+09
172 1 2.31126e+09
173 1 2.30113e+09
174 1 2.33925e+09
175 1 2.31143e+09
176 1 2.32462e+09
177 1 2.2897e+09
178 1 2.28781e+09
179 1 2.28559e+09
180 1 2.28563e+09
181 1 2.26816e+09
182 1 2.26573e+09
183 1 2.26017e+09
184 1 2.25052e+09
185 1 2.23865e+09
186 1 2.22832e+09
187 1 2.20691e+09
188 1 2.25817e+09
189 1 2.26046e+09
190 1 2.19863e+09
191 1 2.23777e+09
192 1 2.20573e+09
193 1 2.23102e+09
194 1 2.19365e+09
195 1 2.18539e+09
196 1 2.18559e+09
197 1 2.1893e+09
198 1 2.20053e+09
199 1 2.16874e+09
200 1 2.18309e+09
201 1 2.12015e+09
202 1 2.15191e+09
203 1 2.11621e+09
204 1 2.12904e+09
205 1 2.13163e+09
206 1 2.1286e+09
207 1 2.1186e+09
208 1 2.13704e+09
209 1 2.13127e+09
210 1 2.17258e+09
211 1 2.14376e+09
212 1 2.16318e+09
213 1 2.16565e+09
214 1 2.13505e+09
215 1 2.14296e+09
216 1 2.14176e+09
217 1 2.15612e+09
218 1 2.16925e+09
219 1 2.19481e+09
220 1 2.20123e+09
221 1 2.17088e+09
222 1 2.19906e+09
223 1 2.19222e+09
224 1 2.17206e+09
225 1 2.19024e+09
4 1 2.08669e+09
4 2 2.10052e+09
4 3 2.09731e+09
4 1 2.08669e+09 41s
4 2 2.10052e+09 37s
4 3 2.09731e+09 39s
4 4 2.11086e+09 37s
4 5 2.09173e+09 41s
4 6 2.09121e+09 39s
4 7 2.10586e+09 36s
4 8 2.11114e+09 36s
4 9 2.10517e+09 39s
4 10 2.09969e+09 40s
4 11 2.10299e+09 39s
4 12 2.09872e+09 38s
4 13 2.10355e+09 40s
4 14 2.09844e+09 40s
4 15 2.11875e+09 36s
4 16 2.10777e+09 38s
4 17 2.11264e+09 36s
4 18 2.10488e+09 36s
4 19 2.11e+09 40s
4 20 2.10925e+09 35s
4 21 2.11016e+09 37s
4 22 2.11475e+09 38s
4 23 2.09458e+09 40s
4 24 2.09731e+09 40s
4 25 2.11295e+09 38s
4 26 2.10457e+09 39s
4 27 2.1032e+09 40s
4 28 2.10834e+09 39s
4 29 2.10198e+09 38s
4 30 2.10799e+09 35s
4 31 2.10356e+09 38s
4 32 2.10275e+09 39s
4 33 2.10214e+09 40s
4 34 2.09712e+09 39s
4 35 2.09806e+09 37s
4 36 2.10973e+09 36s
4 37 2.10907e+09 35s
4 38 2.11858e+09 35s
4 39 2.11349e+09 36s
4 40 2.10245e+09 39s
4 41 2.10922e+09 38s
4 42 2.12107e+09 36s
4 43 2.10922e+09 39s
4 44 2.11666e+09 37s
4 45 2.09697e+09 41s
4 46 2.09614e+09 40s
4 47 2.11338e+09 35s
4 48 2.10952e+09 38s
4 49 2.08736e+09 41s
4 50 2.10207e+09 40s
4 51 2.10799e+09 35s
4 52 2.10423e+09 37s
4 53 2.09947e+09 39s
4 54 2.10467e+09 36s
4 55 2.10313e+09 37s
4 56 2.09779e+09 40s
4 57 2.125e+09 36s
4 58 2.12119e+09 36s
4 59 2.0995e+09 37s
4 60 2.09954e+09 41s
4 61 2.0991e+09 38s
4 62 2.1212e+09 37s
4 63 2.10811e+09 40s
4 64 2.10685e+09 39s
4 65 2.10112e+09 40s
4 66 2.11134e+09 41s
4 67 2.10228e+09 38s
4 68 2.11174e+09 37s
4 69 2.09897e+09 40s
4 70 2.10285e+09 38s
4 71 2.10342e+09 36s
4 72 2.10381e+09 39s
4 73 2.10094e+09 36s
4 74 2.11936e+09 36s
4 75 2.11959e+09 35s
4 76 2.10903e+09 36s
4 77 2.11916e+09 36s
4 78 2.10653e+09 37s
4 79 2.08819e+09 41s
4 80 2.10639e+09 38s
4 81 2.10636e+09 38s
4 82 2.11168e+09 36s
4 83 2.11236e+09 38s
4 84 2.11295e+09 36s
4 85 2.11636e+09 36s
4 86 2.10456e+09 38s
4 87 2.11003e+09 37s
4 88 2.09586e+09 41s
4 89 2.10631e+09 38s
4 90 2.11135e+09 36s
4 91 2.12375e+09 37s
4 92 2.11594e+09 38s
4 93 2.10057e+09 38s
4 94 2.10222e+09 38s
4 95 2.09876e+09 38s
4 96 2.09446e+09 38s
4 97 2.11161e+09 36s
4 98 2.10028e+09 39s
4 99 2.09962e+09 39s
4 100 2.10611e+09 39s
4 101 2.10771e+09 38s
4 102 2.0992e+09 41s
4 103 2.09256e+09 39s
4 104 2.0969e+09 38s
4 105 2.10643e+09 38s
4 106 2.10056e+09 39s
4 107 2.09169e+09 41s
4 108 2.09866e+09 39s
4 109 2.09362e+09 39s
4 110 2.10693e+09 39s
4 111 2.1155e+09 36s
4 112 2.10638e+09 38s
4 113 2.1115e+09 37s
4 114 2.10769e+09 39s
4 115 2.09385e+09 41s
4 116 2.0884e+09 41s
4 117 2.12345e+09 37s
4 118 2.11741e+09 36s
4 119 2.10294e+09 37s
4 120 2.09881e+09 38s
4 121 2.0963e+09 41s
4 122 2.10621e+09 41s
4 123 2.0972e+09 39s
4 124 2.10623e+09 36s
4 125 2.10347e+09 39s
4 126 2.11665e+09 35s
4 127 2.08994e+09 40s
4 128 2.09844e+09 41s
4 129 2.11726e+09 36s
4 130 2.10447e+09 38s
4 131 2.10939e+09 40s
4 132 2.10621e+09 38s
4 133 2.10337e+09 42s
4 134 2.10773e+09 37s
4 135 2.09299e+09 38s
4 136 2.11477e+09 36s
4 137 2.11462e+09 37s
4 138 2.10102e+09 39s
4 139 2.11715e+09 36s
4 140 2.10705e+09 38s
4 141 2.09863e+09 41s
4 142 2.10701e+09 37s
4 143 2.10443e+09 40s
4 144 2.09302e+09 41s
4 145 2.0992e+09 38s
4 146 2.10263e+09 39s
4 147 2.1111e+09 37s
4 148 2.09122e+09 40s
4 149 2.10973e+09 37s
4 150 2.10553e+09 36s
4 151 2.10099e+09 40s
4 152 2.09505e+09 41s
4 153 2.11234e+09 36s
4 154 2.10357e+09 39s
4 155 2.10222e+09 38s
4 156 2.11374e+09 37s
4 157 2.10558e+09 40s
4 158 2.11077e+09 36s
4 159 2.10794e+09 36s
4 160 2.11727e+09 36s
4 161 2.10283e+09 37s
4 162 2.11545e+09 35s
4 163 2.11099e+09 38s
4 164 2.10989e+09 38s
4 165 2.11721e+09 36s
4 166 2.11937e+09 36s
4 167 2.10581e+09 39s
4 168 2.10563e+09 41s
4 169 2.10268e+09 41s
4 170 2.10274e+09 39s
4 171 2.09756e+09 38s
4 172 2.10534e+09 40s
4 173 2.11519e+09 38s
4 174 2.11335e+09 35s
4 175 2.10902e+09 37s
4 176 2.10494e+09 37s
4 177 2.10373e+09 36s
4 178 2.1053e+09 39s
4 179 2.10905e+09 36s
4 180 2.09571e+09 41s
4 181 2.10176e+09 37s
4 182 2.0965e+09 40s
4 183 2.11681e+09 35s
4 184 2.10553e+09 41s
4 185 2.1086e+09 38s
4 186 2.10809e+09 38s
4 187 2.12279e+09 36s
4 188 2.08743e+09 39s
4 189 2.11547e+09 36s
4 190 2.12098e+09 37s
4 191 2.10279e+09 38s
4 192 2.10134e+09 39s
4 193 2.11076e+09 40s
4 194 2.12395e+09 35s
4 195 2.11162e+09 36s
4 196 2.10956e+09 35s
4 197 2.11044e+09 36s
4 198 2.10144e+09 40s
4 199 2.09742e+09 38s
4 200 2.11506e+09 36s
4 201 2.11273e+09 36s
4 202 2.11739e+09 36s
4 203 2.10345e+09 38s
4 204 2.10485e+09 38s
4 205 2.10457e+09 40s
4 206 2.08696e+09 41s
4 207 2.08951e+09 40s
4 208 2.10355e+09 38s
4 209 2.10201e+09 39s
4 210 2.10912e+09 37s
4 211 2.10188e+09 40s
4 212 2.11241e+09 35s
4 213 2.11122e+09 39s
4 214 2.11413e+09 36s
4 215 2.1111e+09 37s
4 216 2.11209e+09 36s
4 217 2.11102e+09 35s
4 218 2.11349e+09 36s
4 219 2.10189e+09 40s
4 220 2.10539e+09 39s
4 221 2.11579e+09 36s
4 222 2.09956e+09 41s
4 223 2.09575e+09 38s
4 224 2.11579e+09 38s
4 225 2.10242e+09 38s
4 226 2.11616e+09 36s
4 227 2.11612e+09 36s
4 228 2.11911e+09 35s
4 229 2.11133e+09 36s
4 230 2.08686e+09 41s
4 231 2.12023e+09 36s
4 232 2.10754e+09 37s
4 233 2.0966e+09 37s
4 234 2.1147e+09 36s
4 235 2.09482e+09 40s
4 236 2.10279e+09 38s
4 237 2.10109e+09 38s
4 238 2.10866e+09 38s
4 239 2.10952e+09 39s
4 240 2.11364e+09 36s
4 241 2.11098e+09 36s
4 242 2.10447e+09 40s
4 243 2.11695e+09 37s
4 244 2.10896e+09 37s
4 245 2.09817e+09 40s
4 246 2.10089e+09 38s
4 247 2.11569e+09 37s
4 248 2.11019e+09 37s
4 249 2.12021e+09 39s
4 250 2.09474e+09 42s
4 251 2.10236e+09 39s
4 252 2.09931e+09 40s
4 253 2.10772e+09 40s
4 254 2.09656e+09 41s
4 255 2.1073e+09 37s
4 256 2.12247e+09 36s
4 257 2.09078e+09 41s
4 258 2.11258e+09 36s
4 259 2.10946e+09 37s
4 260 2.10639e+09 38s
4 261 2.10246e+09 36s
4 262 2.09742e+09 41s
4 263 2.10533e+09 40s
4 264 2.10859e+09 39s
4 265 2.09789e+09 38s
4 266 2.09968e+09 38s
4 267 2.11086e+09 36s
4 268 2.10957e+09 36s
4 269 2.1094e+09 36s
4 270 2.08548e+09 40s
4 271 2.11014e+09 39s
4 272 2.10323e+09 39s
4 273 2.10416e+09 40s
4 274 2.11935e+09 40s
4 275 2.11652e+09 36s
4 276 2.09967e+09 38s
4 277 2.10637e+09 36s
4 278 2.10057e+09 40s
4 279 2.11407e+09 36s
4 280 2.10974e+09 36s
4 281 2.09743e+09 40s
4 282 2.10094e+09 40s
4 283 2.10687e+09 36s
4 284 2.09463e+09 40s
4 285 2.11642e+09 37s
4 286 2.11185e+09 37s
4 287 2.10379e+09 38s
4 288 2.10707e+09 36s
4 289 2.11421e+09 38s
4 290 2.10459e+09 38s
4 291 2.09765e+09 38s
4 292 2.10612e+09 36s
4 293 2.10691e+09 37s
4 294 2.11175e+09 37s
4 295 2.10007e+09 38s
4 296 2.0973e+09 38s
4 297 2.1208e+09 37s
4 298 2.09977e+09 41s
4 299 2.11404e+09 36s
4 300 2.09599e+09 41s
4 188 2.08743e+09 39s
