1 31 2.30849e+09
2 31 2.66243e+09
3 31 2.09319e+09
4 31 2.61657e+09
5 31 2.53031e+09
6 31 2.62849e+09
7 31 2.55272e+09
8 31 2.5883e+09
9 31 2.54901e+09
10 31 2.591e+09
11 31 2.54519e+09
12 31 2.59941e+09
13 31 2.55329e+09
14 31 2.59194e+09
15 31 2.55884e+09
16 31 2.57702e+09
17 31 2.57208e+09
18 31 2.57937e+09
19 31 2.55891e+09
20 31 2.57923e+09
21 31 2.56571e+09
22 31 2.57041e+09
23 31 2.54167e+09
24 31 2.56626e+09
25 31 2.54106e+09
26 31 2.56947e+09
27 31 2.55287e+09
28 31 2.56694e+09
29 31 2.55268e+09
30 31 2.55854e+09
31 31 2.54884e+09
32 31 2.55622e+09
33 31 2.55467e+09
34 31 2.53972e+09
35 31 2.529e+09
36 31 2.55736e+09
37 31 2.55401e+09
38 31 2.57198e+09
39 31 2.55418e+09
40 31 2.55624e+09
41 31 2.54677e+09
42 31 2.55157e+09
43 31 2.55323e+09
44 31 2.56948e+09
45 31 2.55371e+09
46 31 2.55218e+09
47 31 2.54828e+09
48 31 2.52633e+09
49 31 2.52609e+09
50 31 2.5166e+09
51 31 2.55164e+09
52 31 2.53454e+09
53 31 2.48625e+09
54 31 2.54318e+09
55 31 2.49121e+09
56 31 2.55414e+09
57 31 2.4888e+09
58 31 2.53593e+09
59 31 2.47389e+09
60 31 2.53079e+09
61 31 2.56624e+09
62 31 2.51381e+09
63 31 2.54251e+09
64 31 2.42454e+09
65 31 2.50263e+09
66 31 2.53834e+09
67 31 2.42395e+09
68 31 2.46977e+09
69 31 2.49536e+09
70 31 2.53012e+09
71 31 2.39835e+09
72 31 2.45393e+09
73 31 2.49796e+09
74 31 2.52707e+09
75 31 2.3158e+09
76 31 2.38614e+09
77 31 2.46164e+09
78 31 2.46941e+09
79 31 2.52815e+09
80 31 2.55202e+09
81 31 2.32132e+09
82 31 2.34889e+09
83 31 2.45142e+09
84 31 2.50575e+09
85 31 2.51685e+09
86 31 2.55093e+09
87 31 1.97008e+09
88 31 1.9857e+09
89 31 2.31426e+09
90 31 2.3775e+09
91 31 2.45335e+09
92 31 2.49608e+09
93 31 2.50963e+09
94 31 2.54384e+09
95 31 1.92594e+09
96 31 1.91775e+09
97 31 1.92972e+09
98 31 1.98852e+09
99 31 1.96478e+09
100 31 1.99151e+09
101 31 2.4174e+09
102 31 2.47069e+09
103 31 2.50089e+09
104 31 2.52761e+09
105 31 2.53059e+09
106 31 1.93238e+09
107 31 1.91276e+09
108 31 1.90278e+09
109 31 1.93458e+09
110 31 1.94534e+09
111 31 1.95406e+09
112 31 1.94902e+09
113 31 1.96696e+09
114 31 1.98606e+09
115 31 2.33782e+09
116 31 2.37413e+09
117 31 2.45009e+09
118 31 2.47438e+09
119 31 2.48919e+09
120 31 2.53492e+09
121 31 2.54022e+09
122 31 2.57387e+09
123 31 1.91301e+09
124 31 1.9472e+09
125 31 1.9042e+09
126 31 1.9192e+09
127 31 1.92033e+09
128 31 1.91114e+09
129 31 1.9154e+09
130 31 1.91575e+09
131 31 1.91447e+09
132 31 1.91906e+09
133 31 1.93762e+09
134 31 1.92517e+09
135 31 1.9361e+09
136 31 1.91874e+09
137 31 1.9557e+09
138 31 1.95565e+09
139 31 1.97246e+09
140 31 1.99958e+09
141 31 2.3239e+09
142 31 2.37306e+09
143 31 2.41474e+09
144 31 2.46003e+09
145 31 2.47557e+09
146 31 2.50103e+09
147 31 2.51738e+09
148 31 2.50349e+09
149 31 2.56177e+09
150 31 1.96174e+09
151 31 1.9812e+09
152 31 1.98152e+09
153 31 1.94922e+09
154 31 1.93437e+09
155 31 1.95481e+09
156 31 2.00901e+09
157 31 2.00881e+09
158 31 1.96998e+09
159 31 1.93525e+09
160 31 1.94406e+09
161 31 1.9222e+09
162 31 1.96948e+09
163 31 1.96073e+09
164 31 1.98582e+09
165 31 1.96587e+09
166 31 1.96658e+09
167 31 1.94832e+09
168 31 1.92112e+09
169 31 1.92977e+09
170 31 1.92647e+09
171 31 1.94504e+09
172 31 1.92184e+09
173 31 1.91247e+09
174 31 1.9329e+09
175 31 1.92483e+09
176 31 1.91766e+09
177 31 1.90313e+09
178 31 1.91596e+09
179 31 1.93479e+09
180 31 1.94699e+09
181 31 1.92268e+09
182 31 1.91558e+09
183 31 1.91674e+09
184 31 1.89689e+09
185 31 1.89286e+09
186 31 1.89691e+09
187 31 1.91092e+09
188 31 1.90828e+09
189 31 1.92601e+09
190 31 1.91845e+09
191 31 1.91863e+09
192 31 1.9206e+09
193 31 1.91977e+09
194 31 1.94946e+09
195 31 1.94936e+09
196 31 1.97297e+09
197 31 1.98928e+09
198 31 1.97376e+09
199 31 2.01083e+09
200 31 2.00076e+09
201 31 2.38666e+09
202 31 2.38957e+09
203 31 2.42324e+09
204 31 2.45463e+09
205 31 2.47979e+09
206 31 2.48246e+09
207 31 2.49145e+09
208 31 2.53166e+09
209 31 2.54464e+09
210 31 2.54761e+09
211 31 2.57472e+09
185 1 1.90058e+09
185 2 1.88051e+09
185 3 1.89665e+09
185 4 1.88952e+09
185 5 1.89035e+09
185 6 1.88448e+09
185 7 1.88643e+09
185 8 1.90884e+09
185 9 1.89127e+09
185 10 1.90718e+09
185 11 1.89717e+09
185 12 1.89037e+09
185 13 1.89443e+09
185 14 1.88792e+09
185 15 1.88665e+09
185 16 1.88577e+09
185 17 1.89458e+09
185 18 1.88458e+09
185 19 1.88081e+09
185 20 1.89448e+09
185 21 1.88934e+09
185 22 1.89313e+09
185 23 1.89667e+09
185 24 1.89382e+09
185 25 1.8941e+09
185 26 1.88104e+09
185 27 1.89238e+09
185 28 1.87254e+09
185 29 1.89266e+09
185 30 1.89084e+09
185 31 1.89286e+09
185 32 1.88817e+09
185 33 1.88102e+09
185 34 1.88709e+09
185 35 1.8994e+09
185 36 1.89618e+09
185 37 1.89601e+09
185 38 1.88891e+09
185 39 1.88858e+09
185 40 1.88919e+09
185 41 1.88332e+09
185 42 1.88471e+09
185 43 1.8845e+09
185 44 1.88613e+09
185 45 1.89453e+09
185 46 1.89065e+09
185 47 1.88301e+09
185 48 1.88826e+09
185 49 1.89133e+09
185 50 1.88235e+09
185 51 1.89927e+09
185 52 1.88541e+09
185 53 1.89531e+09
185 54 1.88869e+09
185 55 1.88819e+09
185 56 1.88946e+09
185 57 1.89947e+09
185 58 1.88206e+09
185 59 1.89432e+09
185 60 1.8904e+09
185 61 1.89315e+09
185 62 1.89362e+09
185 63 1.89506e+09
185 64 1.88681e+09
185 65 1.88422e+09
185 66 1.89044e+09
185 67 1.88107e+09
185 68 1.88668e+09
185 69 1.88829e+09
185 70 1.87849e+09
185 71 1.89231e+09
185 72 1.88137e+09
185 73 1.88761e+09
185 74 1.88443e+09
185 75 1.88746e+09
185 76 1.89931e+09
185 77 1.88232e+09
185 78 1.87599e+09
185 79 1.889e+09
185 80 1.8897e+09
185 81 1.89215e+09
185 82 1.88923e+09
185 83 1.88483e+09
185 84 1.9032e+09
185 85 1.89036e+09
185 86 1.88238e+09
185 87 1.88683e+09
185 88 1.89882e+09
185 89 1.8858e+09
185 90 1.89791e+09
185 91 1.8995e+09
185 92 1.88488e+09
185 93 1.87931e+09
185 94 1.9006e+09
185 95 1.88362e+09
185 96 1.89314e+09
185 97 1.88828e+09
185 98 1.89073e+09
185 99 1.88819e+09
185 100 1.88541e+09
185 101 1.88012e+09
185 102 1.89035e+09
185 103 1.88797e+09
185 104 1.89251e+09
185 105 1.88396e+09
185 106 1.88493e+09
185 107 1.89072e+09
185 108 1.88547e+09
185 109 1.88546e+09
185 110 1.89081e+09
185 111 1.89416e+09
185 112 1.89262e+09
185 113 1.88568e+09
185 114 1.90336e+09
185 115 1.89093e+09
185 116 1.89483e+09
185 117 1.87595e+09
185 118 1.90683e+09
185 119 1.88357e+09
185 120 1.89415e+09
185 121 1.89095e+09
185 122 1.89334e+09
185 123 1.88901e+09
185 124 1.88966e+09
185 125 1.896e+09
185 126 1.88596e+09
185 127 1.89741e+09
185 128 1.88684e+09
185 129 1.88852e+09
185 130 1.88851e+09
185 131 1.89367e+09
185 132 1.88744e+09
185 133 1.892e+09
185 134 1.89059e+09
185 135 1.8946e+09
185 136 1.8889e+09
185 137 1.89508e+09
185 138 1.88569e+09
185 139 1.88283e+09
185 140 1.87932e+09
185 141 1.89664e+09
185 142 1.88692e+09
185 143 1.88392e+09
185 144 1.89421e+09
185 145 1.89817e+09
185 146 1.88623e+09
185 147 1.89224e+09
185 148 1.89103e+09
185 149 1.88492e+09
185 150 1.89568e+09
185 151 1.89243e+09
185 152 1.88369e+09
185 153 1.9047e+09
185 154 1.86921e+09
185 155 1.89324e+09
185 156 1.89293e+09
185 157 1.88651e+09
185 158 1.88673e+09
185 159 1.88847e+09
185 160 1.88955e+09
185 161 1.88848e+09
185 162 1.89417e+09
185 163 1.88741e+09
185 164 1.89734e+09
185 165 1.8953e+09
185 166 1.894e+09
185 167 1.90089e+09
185 168 1.8857e+09
185 169 1.88178e+09
185 170 1.88298e+09
185 171 1.88464e+09
185 172 1.89087e+09
185 173 1.8831e+09
185 174 1.87235e+09
185 175 1.88892e+09
185 176 1.8909e+09
185 177 1.88097e+09
185 178 1.88681e+09
185 179 1.88497e+09
185 180 1.88535e+09
185 181 1.89151e+09
185 182 1.87875e+09
185 183 1.89146e+09
185 184 1.87935e+09
185 185 1.88863e+09
185 186 1.89173e+09
185 187 1.90251e+09
185 188 1.90256e+09
185 189 1.89659e+09
185 190 1.90421e+09
185 191 1.88736e+09
185 192 1.88063e+09
185 193 1.89993e+09
185 194 1.8875e+09
185 195 1.89815e+09
185 196 1.88944e+09
185 197 1.88888e+09
185 198 1.89707e+09
185 199 1.88613e+09
185 200 1.8804e+09
185 201 1.89468e+09
185 202 1.8867e+09
185 203 1.8942e+09
185 204 1.88999e+09
185 205 1.89584e+09
185 206 1.89498e+09
185 207 1.88637e+09
185 208 1.87722e+09
185 209 1.89748e+09
185 210 1.89511e+09
185 211 1.89083e+09
185 212 1.87475e+09
185 213 1.88849e+09
185 214 1.88832e+09
185 215 1.88487e+09
185 216 1.89394e+09
185 217 1.89843e+09
185 218 1.87439e+09
185 219 1.8806e+09
185 220 1.89463e+09
185 221 1.86934e+09
185 222 1.8856e+09
185 223 1.87637e+09
185 224 1.88902e+09
185 225 1.88546e+09
185 226 1.88255e+09
185 227 1.8837e+09
185 228 1.88184e+09
185 229 1.88145e+09
185 230 1.88052e+09
185 231 1.88213e+09
185 232 1.89192e+09
185 233 1.8983e+09
185 234 1.88583e+09
185 235 1.89393e+09
185 236 1.88597e+09
185 237 1.88587e+09
185 238 1.89354e+09
185 239 1.88744e+09
185 240 1.90298e+09
185 241 1.88882e+09
185 242 1.90286e+09
185 243 1.89798e+09
185 244 1.91186e+09
185 245 1.88982e+09
185 246 1.90177e+09
185 247 1.88885e+09
185 248 1.87831e+09
185 249 1.89937e+09
185 250 1.89269e+09
185 251 1.89063e+09
185 252 1.87801e+09
185 253 1.88119e+09
185 254 1.89095e+09
185 255 1.87482e+09
185 256 1.89497e+09
185 257 1.88103e+09
185 258 1.90091e+09
185 259 1.88923e+09
185 260 1.88918e+09
185 261 1.89582e+09
185 262 1.8963e+09
185 263 1.89123e+09
185 264 1.89069e+09
185 265 1.89341e+09
185 266 1.89699e+09
185 267 1.89463e+09
185 268 1.88348e+09
185 269 1.88888e+09
185 270 1.89929e+09
185 271 1.89523e+09
185 272 1.87893e+09
185 273 1.89487e+09
185 274 1.88618e+09
185 275 1.88457e+09
185 276 1.89074e+09
185 277 1.88653e+09
185 278 1.88494e+09
185 279 1.89243e+09
185 280 1.89099e+09
185 281 1.89365e+09
185 282 1.89227e+09
185 283 1.89539e+09
185 284 1.8893e+09
185 285 1.89657e+09
185 286 1.87928e+09
185 287 1.88626e+09
185 288 1.88611e+09
185 289 1.89133e+09
185 290 1.88719e+09
185 291 1.88615e+09
185 292 1.88617e+09
185 293 1.89662e+09
185 294 1.88181e+09
185 295 1.87996e+09
185 296 1.88125e+09
185 297 1.88899e+09
185 298 1.88217e+09
185 299 1.88844e+09
185 300 1.88403e+09
185 301 1.8763e+09
185 302 1.89044e+09
185 303 1.8728e+09
185 304 1.88733e+09
185 305 1.90056e+09
185 306 1.89034e+09
185 307 1.88894e+09
185 308 1.88699e+09
185 309 1.88519e+09
185 310 1.88331e+09
185 311 1.88538e+09
185 312 1.89131e+09
185 313 1.89264e+09
185 314 1.89102e+09
185 315 1.88465e+09
185 316 1.88532e+09
185 317 1.90224e+09
185 318 1.88764e+09
185 319 1.89166e+09
185 320 1.89201e+09
185 321 1.89459e+09
185 322 1.89405e+09
185 323 1.8884e+09
185 324 1.88769e+09
185 325 1.90552e+09
185 326 1.89637e+09
185 327 1.89499e+09
185 328 1.89351e+09
185 329 1.89123e+09
185 330 1.88745e+09
185 331 1.89141e+09
185 332 1.88619e+09
185 333 1.88587e+09
185 334 1.89196e+09
185 335 1.89037e+09
185 336 1.88358e+09
185 337 1.89961e+09
185 338 1.88628e+09
185 339 1.88779e+09
185 340 1.89492e+09
185 341 1.88482e+09
185 342 1.89237e+09
185 343 1.88072e+09
185 344 1.89115e+09
185 345 1.89385e+09
185 346 1.89559e+09
185 347 1.88651e+09
185 348 1.89571e+09
185 349 1.87827e+09
185 350 1.88515e+09
185 351 1.89533e+09
185 352 1.89154e+09
185 353 1.88798e+09
185 354 1.88853e+09
185 355 1.89743e+09
185 356 1.88487e+09
185 357 1.89808e+09
185 358 1.88807e+09
185 359 1.8863e+09
185 360 1.89014e+09
185 361 1.89372e+09
185 362 1.88705e+09
185 363 1.87563e+09
185 364 1.8898e+09
185 365 1.88727e+09
185 366 1.8838e+09
185 367 1.89557e+09
185 368 1.89384e+09
185 369 1.88609e+09
185 370 1.90293e+09
185 371 1.89646e+09
185 372 1.87219e+09
185 373 1.89227e+09
185 374 1.88997e+09
185 375 1.90472e+09
185 376 1.88748e+09
185 377 1.87956e+09
185 378 1.88561e+09
185 379 1.88735e+09
185 380 1.89196e+09
185 381 1.88836e+09
185 382 1.89204e+09
185 383 1.89188e+09
185 384 1.8933e+09
185 385 1.8962e+09
185 386 1.88279e+09
185 387 1.87853e+09
185 388 1.89189e+09
185 389 1.88654e+09
185 390 1.90837e+09
185 391 1.88717e+09
185 392 1.89629e+09
185 393 1.89875e+09
185 394 1.89027e+09
185 395 1.88952e+09
185 396 1.90797e+09
185 397 1.88545e+09
185 398 1.89164e+09
185 399 1.89365e+09
185 400 1.87765e+09
185 401 1.88264e+09
185 402 1.8897e+09
185 403 1.889e+09
185 404 1.88227e+09
185 405 1.90135e+09
185 406 1.88565e+09
185 407 1.8782e+09
185 408 1.86842e+09
185 409 1.88355e+09
185 410 1.88876e+09
185 411 1.88819e+09
185 412 1.8795e+09
185 413 1.89569e+09
185 414 1.88312e+09
185 415 1.88632e+09
185 416 1.88664e+09
185 417 1.90685e+09
185 418 1.87114e+09
185 419 1.88737e+09
185 420 1.88155e+09
185 421 1.89957e+09
185 422 1.89236e+09
185 423 1.88949e+09
185 424 1.89512e+09
185 425 1.89251e+09
185 426 1.90654e+09
185 427 1.89555e+09
185 428 1.89454e+09
185 429 1.86719e+09
185 430 1.88937e+09
185 431 1.89028e+09
185 432 1.88908e+09
185 433 1.89335e+09
185 434 1.89842e+09
185 435 1.88881e+09
185 436 1.88688e+09
185 437 1.89706e+09
185 438 1.88019e+09
185 439 1.88534e+09
185 440 1.88097e+09
185 441 1.89105e+09
185 442 1.89651e+09
185 443 1.89865e+09
185 444 1.88049e+09
185 445 1.89467e+09
185 446 1.88721e+09
185 447 1.89047e+09
185 448 1.89122e+09
185 449 1.88362e+09
185 450 1.89825e+09
185 451 1.88726e+09
185 452 1.90322e+09
185 453 1.89038e+09
185 454 1.88332e+09
185 455 1.88434e+09
185 456 1.89074e+09
185 457 1.8807e+09
185 458 1.89856e+09
185 459 1.89788e+09
185 460 1.88844e+09
185 461 1.89626e+09
185 462 1.8958e+09
185 463 1.88979e+09
185 464 1.8991e+09
185 465 1.8906e+09
185 466 1.88029e+09
185 467 1.89735e+09
185 468 1.89712e+09
185 469 1.88093e+09
185 470 1.88457e+09
185 471 1.89399e+09
185 472 1.88816e+09
185 473 1.88763e+09
185 474 1.89017e+09
185 475 1.87788e+09
185 476 1.88712e+09
185 477 1.88573e+09
185 478 1.89267e+09
185 479 1.88885e+09
185 480 1.89441e+09
185 481 1.90093e+09
185 482 1.88866e+09
185 483 1.89313e+09
185 484 1.88403e+09
185 485 1.88777e+09
185 486 1.89185e+09
185 487 1.8958e+09
185 488 1.88845e+09
185 489 1.88904e+09
185 490 1.90124e+09
185 491 1.8923e+09
185 492 1.89305e+09
185 493 1.89495e+09
185 494 1.89549e+09
185 495 1.8924e+09
185 496 1.89221e+09
185 497 1.90181e+09
185 498 1.88343e+09
185 499 1.89491e+09
185 500 1.89438e+09
185 429 1.86719e+09
185 408 1.86842e+09
185 154 1.86921e+09
185 418 1.87114e+09
185 372 1.87219e+09
185 174 1.87235e+09
185 218 1.87439e+09
185 363 1.87563e+09
185 223 1.87637e+09
185 208 1.87722e+09
185 400 1.87765e+09
185 248 1.87831e+09
185 2 1.88051e+09
185 200 1.8804e+09
185 286 1.87928e+09
185 287 1.88626e+09
185 288 1.88611e+09
185 289 1.89133e+09
185 290 1.88719e+09
185 291 1.88615e+09
185 292 1.88617e+09
185 293 1.89662e+09
185 294 1.88181e+09
185 295 1.87996e+09
185 296 1.88125e+09
185 297 1.88899e+09
185 298 1.88217e+09
185 299 1.88844e+09
185 300 1.88403e+09
185 301 1.8763e+09
185 302 1.89044e+09
185 303 1.8728e+09
185 304 1.88733e+09
185 299 1.88844e+09
