10 1 2.61131e+07
10 2 2.56868e+07
10 3 2.59162e+07
11 1 2.67941e+07
11 2 2.62398e+07
11 3 2.65313e+07
12 1 2.71643e+07
12 2 2.73277e+07
12 3 2.72794e+07
13 1 2.79765e+07
13 2 2.80992e+07
13 3 2.80191e+07
14 1 2.73398e+07
14 2 2.74152e+07
14 3 2.75413e+07
15 1 2.66001e+07
15 2 2.6627e+07
15 3 2.65591e+07
16 1 2.81077e+07
16 2 2.77711e+07
16 3 2.77987e+07
17 1 2.70737e+07
17 2 2.70412e+07
17 3 2.71832e+07
18 1 2.77294e+07
18 2 2.75091e+07
18 3 2.79214e+07
19 1 2.74486e+07
19 2 2.75019e+07
19 3 2.76066e+07
20 1 2.73607e+07
20 2 2.72823e+07
20 3 2.74132e+07
21 1 2.67851e+07
21 2 2.67927e+07
21 3 2.69334e+07
22 1 2.74027e+07
22 2 2.71497e+07
22 3 2.72992e+07
23 1 2.6744e+07
23 2 2.69076e+07
23 3 2.65105e+07
24 1 2.78101e+07
24 2 2.7856e+07
24 3 2.79196e+07
25 1 2.77934e+07
25 2 2.76173e+07
25 3 2.76515e+07
26 1 2.78574e+07
26 2 2.7634e+07
26 3 2.74969e+07
27 1 2.70873e+07
27 2 2.6874e+07
27 3 2.72189e+07
28 1 2.76191e+07
28 2 2.77093e+07
28 3 2.77439e+07
29 1 2.72293e+07
29 2 2.72729e+07
29 3 2.72608e+07
30 1 2.75206e+07
30 2 2.78718e+07
30 3 2.79696e+07
31 1 2.74391e+07
31 2 2.7404e+07
31 3 2.75769e+07
32 1 2.77588e+07
32 2 2.76104e+07
32 3 2.74141e+07
33 1 2.69353e+07
33 2 2.69394e+07
33 3 2.69667e+07
34 1 2.73554e+07
34 2 2.72417e+07
34 3 2.71968e+07
35 1 2.74656e+07
35 2 2.74038e+07
35 3 2.76392e+07
36 1 2.74876e+07
36 2 2.75278e+07
36 3 2.76885e+07
37 1 2.7654e+07
37 2 2.77932e+07
37 3 2.76926e+07
38 1 2.71632e+07
38 2 2.7408e+07
38 3 2.7297e+07
39 1 2.78412e+07
39 2 2.77589e+07
39 3 2.77915e+07
40 1 2.77108e+07
40 2 2.7763e+07
40 3 2.76908e+07
41 1 2.73089e+07
41 2 2.72519e+07
41 3 2.72897e+07
42 1 2.78726e+07
42 2 2.78396e+07
42 3 2.76691e+07
43 1 2.80714e+07
43 2 2.82176e+07
43 3 2.80239e+07
44 1 2.72166e+07
44 2 2.74346e+07
44 3 2.73473e+07
45 1 2.79826e+07
45 2 2.78394e+07
45 3 2.78105e+07
46 1 2.77435e+07
46 2 2.75638e+07
46 3 2.76265e+07
47 1 2.78385e+07
47 2 2.78202e+07
47 3 2.77632e+07
48 1 2.77926e+07
48 2 2.77606e+07
48 3 2.78819e+07
49 1 2.79246e+07
49 2 2.80326e+07
49 3 2.796e+07
50 1 2.75555e+07
50 2 2.77469e+07
50 3 2.74868e+07
1 1 2.87448e+07
1 2 2.86729e+07
1 3 2.87696e+07
2 1 2.61009e+07
1 1 2.87448e+07
1 2 2.86729e+07
1 3 2.87696e+07
2 1 2.61009e+07
2 2 2.59402e+07
2 3 2.58404e+07
3 1 2.67188e+07
3 2 2.70501e+07
3 3 2.67473e+07
4 1 2.5845e+07
4 2 2.548e+07
4 3 2.57125e+07
5 1 2.72035e+07
5 2 2.71191e+07
5 3 2.71164e+07
6 1 2.6004e+07
6 2 2.60165e+07
6 3 2.6042e+07
7 1 2.64412e+07
7 2 2.65507e+07
7 3 2.673e+07
8 1 2.61719e+07
8 2 2.57755e+07
8 3 2.59277e+07
9 1 2.63467e+07
9 2 2.62112e+07
9 3 2.63736e+07
10 1 2.61131e+07
10 2 2.56868e+07
10 3 2.59162e+07
51 1 2.76709e+07
51 2 2.80364e+07
51 3 2.80181e+07
52 1 2.72749e+07
52 2 2.70394e+07
52 3 2.71553e+07
53 1 2.73595e+07
53 2 2.71851e+07
53 3 2.698e+07
54 1 2.68024e+07
54 2 2.67844e+07
54 3 2.65476e+07
55 1 2.72973e+07
55 2 2.73355e+07
55 3 2.69888e+07
56 1 2.74928e+07
56 2 2.74688e+07
56 3 2.74671e+07
57 1 2.72302e+07
57 2 2.72762e+07
57 3 2.68444e+07
58 1 2.73029e+07
58 2 2.72168e+07
58 3 2.74881e+07
59 1 2.7457e+07
59 2 2.73385e+07
59 3 2.73043e+07
60 1 2.77632e+07
60 2 2.77162e+07
60 3 2.76718e+07
61 1 2.77288e+07
61 2 2.7965e+07
61 3 2.79438e+07
62 1 2.76443e+07
62 2 2.71951e+07
62 3 2.75848e+07
63 1 2.72321e+07
63 2 2.73414e+07
63 3 2.72845e+07
64 1 2.79848e+07
64 2 2.79478e+07
64 3 2.78999e+07
65 1 2.68415e+07
65 2 2.64983e+07
65 3 2.66849e+07
66 1 2.72866e+07
66 2 2.75254e+07
66 3 2.74666e+07
67 1 2.79927e+07
67 2 2.81056e+07
67 3 2.80233e+07
68 1 2.79418e+07
68 2 2.77367e+07
68 3 2.7806e+07
69 1 2.82372e+07
69 2 2.8071e+07
69 3 2.79817e+07
70 1 2.69887e+07
70 2 2.6928e+07
70 3 2.71255e+07
71 1 2.73215e+07
71 2 2.73434e+07
71 3 2.71317e+07
72 1 2.81933e+07
72 2 2.83422e+07
72 3 2.82831e+07
73 1 2.8192e+07
73 2 2.76798e+07
73 3 2.83016e+07
74 1 2.77664e+07
74 2 2.7986e+07
74 3 2.78065e+07
75 1 2.73796e+07
75 2 2.76615e+07
75 3 2.73182e+07
76 1 2.77851e+07
76 2 2.787e+07
76 3 2.78723e+07
77 1 2.66038e+07
77 2 2.67748e+07
77 3 2.67568e+07
78 1 2.67099e+07
78 2 2.64293e+07
78 3 2.6557e+07
79 1 2.67586e+07
79 2 2.66554e+07
79 3 2.6571e+07
80 1 2.7213e+07
80 2 2.72391e+07
80 3 2.71589e+07
81 1 2.83611e+07
81 2 2.85236e+07
81 3 2.84716e+07
82 1 2.76048e+07
82 2 2.77006e+07
82 3 2.7576e+07
83 1 2.77839e+07
83 2 2.78371e+07
83 3 2.77044e+07
84 1 2.80418e+07
84 2 2.78932e+07
84 3 2.82364e+07
85 1 2.74673e+07
85 2 2.74518e+07
85 3 2.73067e+07
86 1 2.51474e+07
86 2 2.50217e+07
86 3 2.51956e+07
87 1 2.60341e+07
87 2 2.5851e+07
87 3 2.58974e+07
88 1 2.509e+07
88 2 2.53812e+07
88 3 2.5013e+07
89 1 2.60084e+07
89 2 2.61675e+07
89 3 2.60261e+07
90 1 2.59562e+07
90 2 2.56376e+07
90 3 2.57103e+07
91 1 2.76348e+07
91 2 2.75536e+07
91 3 2.76879e+07
92 1 2.80515e+07
92 2 2.74322e+07
92 3 2.79548e+07
93 1 2.73527e+07
93 2 2.68808e+07
93 3 2.713e+07
94 1 2.79682e+07
94 2 2.81342e+07
94 3 2.78962e+07
95 1 2.7446e+07
95 2 2.79725e+07
95 3 2.80218e+07
96 1 2.72987e+07
96 2 2.74183e+07
96 3 2.71583e+07
97 1 2.76776e+07
97 2 2.77375e+07
97 3 2.7753e+07
98 1 2.81052e+07
98 2 2.80375e+07
98 3 2.79448e+07
99 1 2.57585e+07
99 2 2.57846e+07
99 3 2.55908e+07
100 1 2.67166e+07
100 2 2.66036e+07
100 3 2.62152e+07
88 1 2.509e+07
88 2 2.53812e+07
88 3 2.5013e+07
88 4 2.53416e+07
88 5 2.50968e+07
88 6 2.54708e+07
88 7 2.53337e+07
88 8 2.51591e+07
88 9 2.52228e+07
88 10 2.53155e+07
88 11 2.5479e+07
88 12 2.51602e+07
88 13 2.52411e+07
88 14 2.5434e+07
88 15 2.54686e+07
88 16 2.5428e+07
88 17 2.52903e+07
88 18 2.53971e+07
88 19 2.50463e+07
88 20 2.5187e+07
88 21 2.54414e+07
88 22 2.52701e+07
88 23 2.51352e+07
88 24 2.51791e+07
88 25 2.52328e+07
88 26 2.55004e+07
88 27 2.51542e+07
88 28 2.53567e+07
88 29 2.5285e+07
88 30 2.50367e+07
88 31 2.54528e+07
88 32 2.53417e+07
88 33 2.53864e+07
88 34 2.54115e+07
88 35 2.52539e+07
88 36 2.53985e+07
88 37 2.5344e+07
88 38 2.52378e+07
88 39 2.53438e+07
88 40 2.54252e+07
88 41 2.53718e+07
88 42 2.47865e+07
88 43 2.53416e+07
88 44 2.54315e+07
88 45 2.53912e+07
88 46 2.52932e+07
88 47 2.48875e+07
88 48 2.52241e+07
88 49 2.51123e+07
88 50 2.53146e+07
88 51 2.52766e+07
88 52 2.5534e+07
88 53 2.54032e+07
88 54 2.53661e+07
88 55 2.50525e+07
88 56 2.543e+07
88 57 2.5385e+07
88 58 2.52967e+07
88 59 2.54694e+07
88 60 2.52754e+07
88 61 2.54108e+07
88 62 2.52919e+07
88 63 2.54655e+07
88 64 2.55224e+07
88 65 2.48205e+07
88 66 2.47459e+07
88 67 2.52887e+07
88 68 2.52557e+07
88 69 2.51507e+07
88 70 2.50029e+07
88 71 2.52846e+07
88 72 2.53669e+07
88 73 2.54265e+07
88 74 2.50873e+07
88 75 2.53149e+07
88 76 2.51617e+07
88 77 2.52933e+07
88 78 2.55259e+07
88 79 2.53529e+07
88 80 2.53197e+07
88 81 2.49406e+07
88 82 2.51332e+07
88 83 2.56374e+07
88 84 2.54367e+07
88 85 2.53054e+07
88 86 2.53452e+07
88 87 2.52811e+07
88 88 2.52828e+07
88 89 2.5087e+07
88 90 2.53833e+07
88 91 2.53372e+07
88 92 2.53774e+07
88 93 2.53574e+07
88 94 2.53916e+07
88 95 2.53563e+07
88 96 2.53254e+07
88 97 2.53976e+07
88 98 2.54693e+07
88 99 2.51536e+07
88 100 2.5299e+07
88 101 2.53954e+07
88 102 2.53639e+07
88 103 2.52324e+07
88 104 2.54159e+07
88 105 2.53114e+07
88 106 2.54347e+07
88 107 2.54306e+07
88 108 2.53242e+07
88 109 2.54896e+07
88 110 2.5311e+07
88 111 2.53162e+07
88 112 2.49268e+07
88 113 2.5366e+07
88 114 2.53781e+07
88 115 2.54595e+07
88 116 2.53806e+07
88 117 2.55353e+07
88 118 2.5199e+07
88 119 2.52334e+07
88 120 2.52075e+07
88 121 2.49688e+07
88 122 2.55872e+07
88 123 2.54285e+07
88 124 2.53837e+07
88 125 2.5176e+07
88 126 2.50172e+07
88 127 2.53249e+07
88 128 2.55252e+07
88 129 2.53272e+07
88 130 2.50929e+07
88 131 2.47276e+07
88 132 2.53087e+07
88 133 2.50222e+07
88 134 2.54464e+07
88 135 2.53508e+07
88 136 2.51921e+07
88 137 2.54229e+07
88 138 2.53062e+07
88 139 2.52417e+07
88 140 2.55081e+07
88 141 2.52952e+07
88 142 2.53984e+07
88 143 2.53703e+07
88 144 2.54804e+07
88 145 2.5393e+07
88 146 2.53359e+07
88 147 2.53855e+07
88 148 2.54494e+07
88 149 2.53857e+07
88 150 2.52247e+07
88 151 2.52128e+07
88 152 2.53886e+07
88 153 2.52301e+07
88 154 2.54858e+07
88 155 2.52197e+07
88 156 2.51443e+07
88 157 2.53407e+07
88 158 2.53374e+07
88 159 2.51539e+07
88 160 2.52963e+07
88 161 2.54099e+07
88 162 2.53e+07
88 163 2.51984e+07
88 164 2.52974e+07
88 165 2.54324e+07
88 166 2.55235e+07
88 167 2.54392e+07
88 168 2.54322e+07
88 169 2.54397e+07
88 170 2.54478e+07
88 171 2.5252e+07
88 172 2.52864e+07
88 173 2.53759e+07
88 174 2.53943e+07
88 175 2.51286e+07
88 176 2.54163e+07
88 177 2.55082e+07
88 178 2.55068e+07
88 179 2.53293e+07
88 180 2.52488e+07
88 181 2.53895e+07
88 182 2.53812e+07
88 183 2.50402e+07
88 184 2.53971e+07
88 185 2.53789e+07
88 186 2.5287e+07
88 187 2.51637e+07
88 188 2.5359e+07
88 189 2.51609e+07
88 190 2.54125e+07
88 191 2.51782e+07
88 192 2.53309e+07
88 193 2.53701e+07
88 194 2.52463e+07
88 195 2.53995e+07
88 196 2.53731e+07
88 197 2.53933e+07
88 198 2.54221e+07
88 199 2.52739e+07
88 200 2.55695e+07
88 201 2.50596e+07
88 202 2.52043e+07
88 203 2.53994e+07
88 204 2.51639e+07
88 205 2.53161e+07
88 206 2.52166e+07
88 207 2.53764e+07
88 208 2.5176e+07
88 209 2.52419e+07
88 210 2.51984e+07
88 211 2.53333e+07
88 212 2.53642e+07
88 213 2.54426e+07
88 214 2.50141e+07
88 215 2.54604e+07
88 216 2.51695e+07
88 217 2.53016e+07
88 218 2.53896e+07
88 219 2.53077e+07
88 220 2.52963e+07
88 221 2.53571e+07
88 222 2.53339e+07
88 223 2.53795e+07
88 224 2.52045e+07
88 225 2.54271e+07
88 226 2.5365e+07
88 227 2.51624e+07
88 228 2.53883e+07
88 229 2.53412e+07
88 230 2.53259e+07
88 231 2.53544e+07
88 232 2.53084e+07
88 233 2.54736e+07
88 234 2.51634e+07
88 235 2.54195e+07
88 236 2.48486e+07
88 237 2.51265e+07
88 238 2.52541e+07
88 239 2.53266e+07
88 240 2.55037e+07
88 241 2.54568e+07
88 242 2.53468e+07
88 243 2.538e+07
88 244 2.53891e+07
88 245 2.50164e+07
88 246 2.51694e+07
88 247 2.53888e+07
88 248 2.52888e+07
88 249 2.53405e+07
88 250 2.53537e+07
88 251 2.52345e+07
88 252 2.548e+07
88 253 2.54967e+07
88 254 2.52153e+07
88 255 2.53799e+07
88 256 2.54752e+07
88 257 2.53918e+07
88 258 2.54998e+07
88 259 2.53933e+07
88 260 2.55383e+07
88 261 2.5396e+07
88 262 2.53157e+07
88 263 2.53899e+07
88 264 2.53121e+07
88 265 2.52956e+07
88 266 2.53908e+07
88 267 2.54165e+07
88 268 2.53247e+07
88 269 2.53925e+07
88 270 2.55467e+07
88 271 2.54392e+07
88 272 2.52517e+07
88 273 2.55532e+07
88 274 2.53551e+07
88 275 2.53012e+07
88 276 2.482e+07
88 277 2.50944e+07
88 278 2.53366e+07
88 279 2.54064e+07
88 280 2.53931e+07
88 281 2.51862e+07
88 282 2.52626e+07
88 283 2.54894e+07
88 284 2.54371e+07
88 285 2.52187e+07
88 286 2.5279e+07
88 287 2.53091e+07
88 288 2.48654e+07
88 289 2.53379e+07
88 290 2.54755e+07
88 291 2.52493e+07
88 292 2.54117e+07
88 293 2.52057e+07
88 294 2.53293e+07
88 295 2.53587e+07
88 296 2.52456e+07
88 297 2.54792e+07
88 298 2.5343e+07
88 299 2.53437e+07
88 300 2.54968e+07
88 301 2.5189e+07
88 302 2.55151e+07
88 303 2.51712e+07
88 304 2.53318e+07
88 305 2.55099e+07
88 306 2.53124e+07
88 307 2.53208e+07
88 308 2.54162e+07
88 309 2.53402e+07
88 310 2.47764e+07
88 311 2.51638e+07
88 312 2.53703e+07
88 313 2.53749e+07
88 314 2.5489e+07
88 315 2.54372e+07
88 316 2.49815e+07
88 317 2.51478e+07
88 318 2.53241e+07
88 319 2.54062e+07
88 320 2.55119e+07
88 321 2.53155e+07
88 322 2.53431e+07
88 323 2.52053e+07
88 324 2.52043e+07
88 325 2.54928e+07
88 326 2.50978e+07
88 327 2.53363e+07
88 328 2.53785e+07
88 329 2.53775e+07
88 330 2.54287e+07
88 331 2.53629e+07
88 332 2.53273e+07
88 333 2.51937e+07
88 334 2.54109e+07
88 335 2.53742e+07
88 336 2.53115e+07
88 337 2.52705e+07
88 338 2.5413e+07
88 339 2.51844e+07
88 340 2.50676e+07
88 341 2.51709e+07
88 342 2.53864e+07
88 343 2.55549e+07
88 344 2.52256e+07
88 345 2.50154e+07
88 346 2.53484e+07
88 347 2.54408e+07
88 348 2.56039e+07
88 349 2.5325e+07
88 350 2.51616e+07
88 351 2.54356e+07
88 352 2.53469e+07
88 353 2.51911e+07
88 354 2.50193e+07
88 355 2.50236e+07
88 356 2.53982e+07
88 357 2.54658e+07
88 358 2.53795e+07
88 359 2.52293e+07
88 360 2.5248e+07
88 361 2.51868e+07
88 362 2.52378e+07
88 363 2.5138e+07
88 364 2.54281e+07
88 365 2.53845e+07
88 366 2.54199e+07
88 367 2.53592e+07
88 368 2.53076e+07
88 369 2.54643e+07
88 370 2.52341e+07
88 371 2.51825e+07
88 372 2.51968e+07
88 373 2.53106e+07
88 374 2.53885e+07
88 375 2.53333e+07
88 376 2.53198e+07
88 377 2.52923e+07
88 378 2.53479e+07
88 379 2.51313e+07
88 380 2.51078e+07
88 381 2.51539e+07
88 382 2.52951e+07
88 383 2.54557e+07
88 384 2.52859e+07
88 385 2.51032e+07
88 386 2.53378e+07
88 387 2.54561e+07
88 388 2.5211e+07
88 389 2.52518e+07
88 390 2.53277e+07
88 391 2.53925e+07
88 392 2.52635e+07
88 393 2.52728e+07
88 394 2.54299e+07
88 395 2.53263e+07
88 396 2.53336e+07
88 397 2.54317e+07
88 398 2.53388e+07
88 399 2.54144e+07
88 400 2.51826e+07
88 401 2.53686e+07
88 402 2.54225e+07
88 403 2.52896e+07
88 404 2.52205e+07
88 405 2.52844e+07
88 406 2.53596e+07
88 407 2.51264e+07
88 408 2.54431e+07
88 409 2.54271e+07
88 410 2.54775e+07
88 411 2.53579e+07
88 412 2.55408e+07
88 413 2.52102e+07
88 414 2.52251e+07
88 415 2.52655e+07
88 416 2.52736e+07
88 417 2.52663e+07
88 418 2.52598e+07
88 419 2.54202e+07
88 420 2.53855e+07
88 421 2.54558e+07
88 422 2.5348e+07
88 423 2.5406e+07
88 424 2.52697e+07
88 425 2.53497e+07
88 426 2.53722e+07
88 427 2.54933e+07
88 428 2.54549e+07
88 429 2.51995e+07
88 430 2.54797e+07
88 431 2.51114e+07
88 432 2.52465e+07
88 433 2.53225e+07
88 434 2.55069e+07
88 435 2.5214e+07
88 436 2.5265e+07
88 437 2.51886e+07
88 438 2.53653e+07
88 439 2.53557e+07
88 440 2.52591e+07
88 441 2.54371e+07
88 442 2.50527e+07
88 443 2.53669e+07
88 444 2.50601e+07
88 445 2.53563e+07
88 446 2.53432e+07
88 447 2.5328e+07
88 448 2.5317e+07
88 449 2.49635e+07
88 450 2.53719e+07
88 451 2.54875e+07
88 452 2.53232e+07
88 453 2.54081e+07
88 454 2.49574e+07
88 455 2.54774e+07
88 456 2.53081e+07
88 457 2.53091e+07
88 458 2.54924e+07
88 459 2.54199e+07
88 460 2.54153e+07
88 461 2.48691e+07
88 462 2.55116e+07
88 463 2.54719e+07
88 464 2.53644e+07
88 465 2.47895e+07
88 466 2.53844e+07
88 467 2.51824e+07
88 468 2.50722e+07
88 469 2.55338e+07
88 470 2.51648e+07
88 471 2.48916e+07
88 472 2.50678e+07
88 473 2.5465e+07
88 474 2.49876e+07
88 475 2.51826e+07
88 476 2.51774e+07
88 477 2.53856e+07
88 478 2.54384e+07
88 479 2.51899e+07
88 480 2.53286e+07
88 481 2.54671e+07
88 482 2.53852e+07
88 483 2.55196e+07
88 484 2.53288e+07
88 485 2.53662e+07
88 486 2.46649e+07
88 487 2.52902e+07
88 488 2.51292e+07
88 489 2.51382e+07
88 490 2.52794e+07
88 491 2.53604e+07
88 492 2.53204e+07
88 493 2.55e+07
88 494 2.49307e+07
88 495 2.52929e+07
88 496 2.54155e+07
88 497 2.52267e+07
88 498 2.53452e+07
88 499 2.53638e+07
88 500 2.54589e+07
88 501 2.52707e+07
88 502 2.51856e+07
88 503 2.54786e+07
88 504 2.53528e+07
88 505 2.53473e+07
88 506 2.54303e+07
88 507 2.53839e+07
88 508 2.53761e+07
88 509 2.53411e+07
88 510 2.52594e+07
88 511 2.54136e+07
88 512 2.55418e+07
88 513 2.53613e+07
88 514 2.55269e+07
88 515 2.53465e+07
88 516 2.51847e+07
88 517 2.50711e+07
88 518 2.52199e+07
88 519 2.55236e+07
88 520 2.54006e+07
88 521 2.53722e+07
88 522 2.49819e+07
88 523 2.52471e+07
88 524 2.55436e+07
88 525 2.51233e+07
88 526 2.55311e+07
88 527 2.55258e+07
88 528 2.52957e+07
88 529 2.53566e+07
88 530 2.54595e+07
88 531 2.52938e+07
88 532 2.51158e+07
88 533 2.53142e+07
88 534 2.52591e+07
88 535 2.5391e+07
88 536 2.51918e+07
88 537 2.51735e+07
88 538 2.52596e+07
88 539 2.50644e+07
88 540 2.47185e+07
88 541 2.46358e+07
88 542 2.54509e+07
88 543 2.526e+07
88 544 2.54029e+07
88 545 2.52357e+07
88 546 2.52877e+07
88 547 2.52931e+07
88 548 2.48474e+07
88 549 2.53582e+07
88 550 2.53757e+07
88 551 2.54023e+07
88 552 2.53606e+07
88 553 2.54004e+07
88 554 2.5341e+07
88 555 2.50623e+07
88 556 2.5388e+07
88 557 2.5313e+07
88 558 2.48272e+07
88 559 2.52613e+07
88 560 2.54149e+07
88 561 2.50406e+07
88 562 2.53553e+07
88 563 2.50718e+07
88 564 2.49637e+07
88 565 2.53613e+07
88 566 2.53764e+07
88 567 2.54352e+07
88 568 2.53524e+07
88 569 2.53908e+07
88 570 2.53159e+07
88 571 2.5469e+07
88 572 2.52703e+07
88 573 2.53981e+07
88 574 2.54714e+07
88 575 2.53282e+07
88 576 2.54152e+07
88 577 2.54432e+07
88 578 2.5169e+07
88 579 2.52626e+07
88 580 2.53685e+07
88 581 2.54559e+07
88 582 2.53852e+07
88 583 2.52758e+07
88 584 2.53657e+07
88 585 2.54441e+07
88 586 2.51978e+07
88 587 2.52781e+07
88 588 2.52006e+07
88 589 2.50995e+07
88 590 2.51497e+07
88 591 2.51894e+07
88 592 2.54078e+07
88 593 2.52403e+07
88 594 2.5124e+07
88 595 2.53213e+07
88 596 2.54318e+07
88 597 2.53683e+07
88 598 2.53582e+07
88 599 2.52601e+07
88 600 2.48633e+07
88 601 2.54212e+07
88 602 2.53271e+07
88 603 2.54554e+07
88 604 2.53803e+07
88 605 2.53189e+07
88 606 2.53455e+07
88 607 2.47452e+07
88 608 2.52848e+07
88 609 2.54426e+07
88 610 2.53366e+07
88 611 2.53871e+07
88 612 2.54358e+07
88 613 2.53109e+07
88 614 2.52585e+07
88 615 2.52125e+07
88 616 2.5574e+07
88 617 2.53108e+07
88 618 2.52901e+07
88 619 2.52878e+07
88 620 2.5482e+07
88 621 2.54748e+07
88 622 2.54426e+07
88 623 2.50717e+07
88 624 2.52103e+07
88 625 2.5379e+07
88 626 2.52722e+07
88 627 2.53398e+07
88 628 2.54062e+07
88 629 2.53556e+07
88 630 2.53107e+07
88 631 2.52285e+07
88 632 2.49533e+07
88 633 2.52263e+07
88 634 2.55464e+07
88 635 2.49822e+07
88 636 2.51803e+07
88 637 2.55377e+07
88 638 2.53645e+07
88 639 2.5412e+07
88 640 2.53654e+07
88 641 2.52403e+07
88 642 2.51963e+07
88 643 2.51889e+07
88 644 2.52888e+07
88 645 2.52894e+07
88 646 2.54127e+07
88 647 2.53286e+07
88 648 2.54973e+07
88 649 2.53964e+07
88 650 2.52659e+07
88 651 2.53595e+07
88 652 2.5303e+07
88 653 2.52668e+07
88 654 2.50573e+07
88 655 2.52896e+07
88 656 2.53428e+07
88 657 2.53305e+07
88 658 2.52652e+07
88 659 2.54304e+07
88 660 2.50462e+07
88 661 2.50557e+07
88 662 2.55115e+07
88 663 2.4796e+07
88 664 2.52291e+07
88 665 2.54312e+07
88 666 2.5292e+07
88 667 2.54274e+07
88 668 2.49851e+07
88 669 2.53317e+07
88 670 2.53332e+07
88 671 2.55627e+07
88 672 2.54995e+07
88 673 2.54938e+07
88 674 2.49186e+07
88 675 2.49577e+07
88 676 2.49991e+07
88 677 2.55122e+07
88 678 2.52861e+07
88 679 2.53518e+07
88 680 2.5217e+07
88 681 2.53031e+07
88 682 2.5384e+07
88 683 2.54111e+07
88 684 2.51806e+07
88 685 2.4776e+07
88 686 2.5224e+07
88 687 2.50768e+07
88 688 2.53749e+07
88 689 2.53922e+07
88 690 2.51274e+07
88 691 2.54912e+07
88 692 2.54796e+07
88 693 2.51881e+07
88 694 2.5291e+07
88 695 2.53903e+07
88 696 2.54623e+07
88 697 2.54303e+07
88 698 2.51951e+07
88 699 2.53317e+07
88 700 2.53662e+07
88 701 2.53535e+07
88 702 2.53294e+07
88 703 2.53115e+07
88 704 2.50288e+07
88 705 2.56262e+07
88 706 2.53812e+07
88 707 2.52964e+07
88 708 2.53413e+07
88 709 2.51953e+07
88 710 2.53226e+07
88 711 2.52893e+07
88 712 2.52178e+07
88 713 2.51854e+07
88 714 2.50524e+07
88 715 2.53669e+07
88 716 2.54758e+07
88 717 2.53293e+07
88 718 2.52712e+07
88 719 2.53213e+07
88 720 2.52567e+07
88 721 2.532e+07
88 722 2.52365e+07
88 723 2.52587e+07
88 724 2.53776e+07
88 725 2.53865e+07
88 726 2.53933e+07
88 727 2.52652e+07
88 728 2.53513e+07
88 729 2.53252e+07
88 730 2.5348e+07
88 731 2.54061e+07
88 732 2.51764e+07
88 733 2.52101e+07
88 734 2.52784e+07
88 735 2.54728e+07
88 736 2.54481e+07
88 737 2.53739e+07
88 738 2.51443e+07
88 739 2.52817e+07
88 740 2.53483e+07
88 741 2.54718e+07
88 742 2.50065e+07
88 743 2.54758e+07
88 744 2.54175e+07
88 745 2.53118e+07
88 746 2.54026e+07
88 747 2.54156e+07
88 748 2.52408e+07
88 749 2.55134e+07
88 750 2.52324e+07
88 751 2.52414e+07
88 752 2.54611e+07
88 753 2.54573e+07
88 754 2.53313e+07
88 755 2.53475e+07
88 756 2.54039e+07
88 757 2.54357e+07
88 758 2.52188e+07
88 759 2.52682e+07
88 760 2.54038e+07
88 761 2.54349e+07
88 762 2.54935e+07
88 763 2.52823e+07
88 764 2.55127e+07
88 765 2.49125e+07
88 766 2.52632e+07
88 767 2.49386e+07
88 768 2.42965e+07
88 769 2.54303e+07
88 770 2.53721e+07
88 771 2.52908e+07
88 772 2.53441e+07
88 773 2.53025e+07
88 774 2.5429e+07
88 775 2.52506e+07
88 776 2.54832e+07
88 777 2.52988e+07
88 778 2.47418e+07
88 779 2.54475e+07
88 780 2.53754e+07
88 781 2.4934e+07
88 782 2.53451e+07
88 783 2.52453e+07
88 784 2.54431e+07
88 785 2.539e+07
88 786 2.53961e+07
88 787 2.55392e+07
88 788 2.53235e+07
88 789 2.50901e+07
88 790 2.52129e+07
88 791 2.54362e+07
88 792 2.52404e+07
88 793 2.54033e+07
88 794 2.54699e+07
88 795 2.5271e+07
88 796 2.53784e+07
88 797 2.5419e+07
88 798 2.53241e+07
88 799 2.52733e+07
88 800 2.5203e+07
88 801 2.52682e+07
88 802 2.54221e+07
88 803 2.54319e+07
88 804 2.53267e+07
88 805 2.53374e+07
88 806 2.52815e+07
88 807 2.54001e+07
88 808 2.54278e+07
88 809 2.47233e+07
88 810 2.54515e+07
88 811 2.54419e+07
88 812 2.54163e+07
88 813 2.5349e+07
88 814 2.54045e+07
88 815 2.51374e+07
88 816 2.52687e+07
88 817 2.54144e+07
88 818 2.47506e+07
88 819 2.53793e+07
88 820 2.53832e+07
88 821 2.51244e+07
88 822 2.49776e+07
88 823 2.53298e+07
88 824 2.5413e+07
88 825 2.53874e+07
88 826 2.53247e+07
88 827 2.53474e+07
88 828 2.51998e+07
88 829 2.53164e+07
88 830 2.53539e+07
88 831 2.53251e+07
88 832 2.54922e+07
88 833 2.52721e+07
88 834 2.48966e+07
88 835 2.53881e+07
88 836 2.52217e+07
88 837 2.53698e+07
88 838 2.50851e+07
88 839 2.53769e+07
88 840 2.54063e+07
88 841 2.53619e+07
88 842 2.54638e+07
88 843 2.52478e+07
88 844 2.54027e+07
88 845 2.54964e+07
88 846 2.50314e+07
88 847 2.51957e+07
88 848 2.52543e+07
88 849 2.47469e+07
88 850 2.53771e+07
88 851 2.50431e+07
88 852 2.53253e+07
88 853 2.51048e+07
88 854 2.52752e+07
88 855 2.53721e+07
88 856 2.52275e+07
88 857 2.49526e+07
88 858 2.54423e+07
88 859 2.53966e+07
88 860 2.50784e+07
88 861 2.51849e+07
88 862 2.53436e+07
88 863 2.53969e+07
88 864 2.49707e+07
88 865 2.53456e+07
88 866 2.54783e+07
88 867 2.54169e+07
88 868 2.53089e+07
88 869 2.53001e+07
88 870 2.53395e+07
88 871 2.53612e+07
88 872 2.52494e+07
88 873 2.55173e+07
88 874 2.5345e+07
88 875 2.53011e+07
88 876 2.52646e+07
88 877 2.53735e+07
88 878 2.53378e+07
88 879 2.54184e+07
88 880 2.53026e+07
88 881 2.5454e+07
88 882 2.54011e+07
88 883 2.53109e+07
88 884 2.51157e+07
88 885 2.53372e+07
88 886 2.53589e+07
88 887 2.53798e+07
88 888 2.52496e+07
88 889 2.53375e+07
88 890 2.54003e+07
88 891 2.51472e+07
88 892 2.53789e+07
88 893 2.53652e+07
88 894 2.52297e+07
88 895 2.53434e+07
88 896 2.52983e+07
88 897 2.53388e+07
88 898 2.51797e+07
88 899 2.55031e+07
88 900 2.5355e+07
88 901 2.51903e+07
88 902 2.5315e+07
88 903 2.52126e+07
88 904 2.52073e+07
88 905 2.52688e+07
88 906 2.54044e+07
88 907 2.54348e+07
88 908 2.53416e+07
88 909 2.5301e+07
88 910 2.53066e+07
88 911 2.5253e+07
88 912 2.53449e+07
88 913 2.52718e+07
88 914 2.4893e+07
88 915 2.51499e+07
88 916 2.54842e+07
88 917 2.51861e+07
88 918 2.5349e+07
88 919 2.54273e+07
88 920 2.52248e+07
88 921 2.53377e+07
88 922 2.53794e+07
88 923 2.53513e+07
88 924 2.53444e+07
88 925 2.51717e+07
88 926 2.53901e+07
88 927 2.52977e+07
88 928 2.51931e+07
88 929 2.53663e+07
88 930 2.52329e+07
88 931 2.54278e+07
88 932 2.54363e+07
88 933 2.526e+07
88 934 2.53887e+07
88 935 2.52376e+07
88 936 2.47675e+07
88 937 2.54157e+07
88 938 2.53319e+07
88 939 2.48815e+07
88 940 2.54966e+07
88 941 2.52315e+07
88 942 2.54477e+07
88 943 2.53106e+07
88 944 2.53886e+07
88 945 2.54209e+07
88 946 2.53738e+07
88 947 2.54359e+07
88 948 2.5201e+07
88 949 2.53948e+07
88 950 2.50145e+07
88 951 2.48808e+07
88 952 2.44599e+07
88 953 2.53732e+07
88 954 2.54158e+07
88 955 2.54599e+07
88 956 2.55312e+07
88 957 2.52472e+07
88 958 2.51899e+07
88 959 2.52261e+07
88 960 2.54008e+07
88 961 2.53352e+07
88 962 2.54859e+07
88 963 2.5352e+07
88 964 2.546e+07
88 965 2.53518e+07
88 966 2.5414e+07
88 967 2.53638e+07
88 968 2.50188e+07
88 969 2.52979e+07
88 970 2.53619e+07
88 971 2.51403e+07
88 972 2.54267e+07
88 973 2.53231e+07
88 974 2.5424e+07
88 975 2.492e+07
88 976 2.53845e+07
88 977 2.5208e+07
88 978 2.51895e+07
88 979 2.54804e+07
88 980 2.54024e+07
88 981 2.53807e+07
88 982 2.4878e+07
88 983 2.55563e+07
88 984 2.49818e+07
88 985 2.53125e+07
88 986 2.52922e+07
88 987 2.52286e+07
88 988 2.52494e+07
88 989 2.52986e+07
88 990 2.54037e+07
88 991 2.52899e+07
88 992 2.52225e+07
88 993 2.52651e+07
88 994 2.4894e+07
88 995 2.54663e+07
88 996 2.52766e+07
88 997 2.51558e+07
88 998 2.53442e+07
88 999 2.53691e+07
88 1000 2.51776e+07
88 768 2.42965e+07
55 660 2.55316e+08
50 901101 6.2967e+08
