1 1 2.62654e+09 26s
1 1 2.62654e+09 26s
2 1 2.24486e+09 28s
3 1 2.24145e+09 30s
4 1 2.27064e+09 27s
5 1 2.31207e+09 31s
6 1 2.2897e+09 28s
7 1 2.28815e+09 30s
8 1 2.29268e+09 31s
9 1 2.32279e+09 30s
10 1 2.34526e+09 29s
11 1 2.29785e+09 31s
12 1 2.31291e+09 30s
13 1 2.30619e+09 34s
14 1 2.3501e+09 30s
15 1 2.32595e+09 31s
16 1 2.32891e+09 30s
17 1 2.35387e+09 30s
18 1 2.35572e+09 29s
19 1 2.35303e+09 30s
20 1 2.31882e+09 31s
21 1 2.35515e+09 30s
22 1 2.33714e+09 29s
23 1 2.34716e+09 31s
24 1 2.32024e+09 30s
25 1 2.3614e+09 30s
26 1 2.33488e+09 30s
27 1 2.34147e+09 30s
28 1 2.34983e+09 30s
29 1 2.35897e+09 30s
30 1 2.34615e+09 31s
31 1 2.34054e+09 30s
32 1 2.342e+09 33s
33 1 2.34477e+09 31s
34 1 2.37501e+09 30s
35 1 2.38582e+09 31s
36 1 2.38531e+09 32s
37 1 2.36183e+09 30s
38 1 2.38095e+09 31s
39 1 2.411e+09 30s
40 1 2.38138e+09 30s
41 1 2.40495e+09 30s
42 1 2.3916e+09 30s
43 1 2.40109e+09 31s
44 1 2.38236e+09 30s
45 1 2.3933e+09 30s
46 1 2.40939e+09 29s
47 1 2.38165e+09 30s
48 1 2.36858e+09 30s
49 1 2.38701e+09 31s
50 1 2.40129e+09 33s
51 1 2.42603e+09 30s
52 1 2.41271e+09 30s
53 1 2.35338e+09 31s
54 1 2.40008e+09 30s
55 1 2.38838e+09 31s
56 1 2.40256e+09 30s
57 1 2.37954e+09 31s
58 1 2.36375e+09 33s
59 1 2.39832e+09 30s
60 1 2.36836e+09 33s
61 1 2.38238e+09 31s
62 1 2.36808e+09 31s
63 1 2.39053e+09 31s
64 1 2.3889e+09 31s
65 1 2.40693e+09 30s
66 1 2.38026e+09 33s
67 1 2.38934e+09 33s
68 1 2.36932e+09 30s
69 1 2.37184e+09 31s
70 1 2.36149e+09 31s
71 1 2.40198e+09 31s
72 1 2.36341e+09 34s
73 1 2.41255e+09 30s
74 1 2.39183e+09 31s
75 1 2.41633e+09 31s
76 1 2.38803e+09 32s
77 1 2.40307e+09 31s
78 1 2.39677e+09 31s
79 1 2.39911e+09 31s
80 1 2.40461e+09 30s
81 1 2.37079e+09 33s
82 1 2.41908e+09 30s
83 1 2.37113e+09 31s
84 1 2.4118e+09 30s
85 1 2.40223e+09 32s
86 1 2.37436e+09 30s
87 1 2.38581e+09 30s
88 1 2.35717e+09 33s
89 1 2.39664e+09 32s
90 1 2.41e+09 31s
91 1 2.40969e+09 31s
92 1 2.4132e+09 31s
93 1 2.34233e+09 32s
94 1 2.36587e+09 32s
95 1 2.35969e+09 31s
96 1 2.36812e+09 31s
97 1 2.40524e+09 31s
98 1 2.43592e+09 30s
99 1 2.37803e+09 30s
100 1 2.40869e+09 30s
101 1 2.4205e+09 31s
102 1 2.36721e+09 31s
103 1 2.34597e+09 32s
104 1 2.3118e+09 34s
105 1 2.35385e+09 31s
106 1 2.36276e+09 35s
107 1 2.3705e+09 31s
108 1 2.38981e+09 32s
109 1 2.38113e+09 35s
110 1 2.38043e+09 34s
111 1 2.3784e+09 33s
112 1 2.40055e+09 31s
113 1 2.38225e+09 31s
114 1 2.33188e+09 35s
115 1 2.31539e+09 35s
116 1 2.31046e+09 33s
117 1 2.29185e+09 36s
118 1 2.3284e+09 33s
119 1 2.3376e+09 31s
120 1 2.34399e+09 34s
121 1 2.39912e+09 30s
122 1 2.35781e+09 33s
4 1 2.27064e+09 28s
4 2 2.24793e+09 32s
4 3 2.27869e+09 28s
4 4 2.27718e+09 29s
4 5 2.25344e+09 32s
4 6 2.26221e+09 29s
4 7 2.27551e+09 28s
4 8 2.26003e+09 29s
4 9 2.25927e+09 30s
4 10 2.27469e+09 28s
4 11 2.24753e+09 32s
4 12 2.23183e+09 32s
4 13 2.26318e+09 28s
4 14 2.26937e+09 29s
4 15 2.24613e+09 31s
4 16 2.26918e+09 28s
4 17 2.28788e+09 28s
4 18 2.26135e+09 33s
4 19 2.25896e+09 31s
4 20 2.27044e+09 28s
4 21 2.25249e+09 31s
4 22 2.25186e+09 31s
4 23 2.25568e+09 29s
4 24 2.24727e+09 32s
4 25 2.27011e+09 28s
4 26 2.26318e+09 29s
4 27 2.27524e+09 28s
4 28 2.26648e+09 28s
4 29 2.26258e+09 31s
4 30 2.24978e+09 29s
4 31 2.27109e+09 28s
4 32 2.26033e+09 29s
4 33 2.26465e+09 29s
4 34 2.27671e+09 29s
4 35 2.27789e+09 29s
4 36 2.26181e+09 32s
4 37 2.25492e+09 29s
4 38 2.25581e+09 31s
4 39 2.2514e+09 29s
4 40 2.2381e+09 32s
4 41 2.25649e+09 29s
4 42 2.27383e+09 28s
4 43 2.25855e+09 31s
4 44 2.27268e+09 28s
4 45 2.26522e+09 29s
4 46 2.25088e+09 32s
4 47 2.25283e+09 31s
4 48 2.25169e+09 30s
4 49 2.25586e+09 28s
4 50 2.27669e+09 27s
4 51 2.2689e+09 28s
4 52 2.25922e+09 28s
4 53 2.2655e+09 28s
4 54 2.26194e+09 28s
4 55 2.27039e+09 28s
4 56 2.27536e+09 28s
4 57 2.24971e+09 31s
4 58 2.26518e+09 29s
4 59 2.26909e+09 29s
4 60 2.24465e+09 29s
4 61 2.28731e+09 28s
4 62 2.27084e+09 28s
4 63 2.28093e+09 28s
4 64 2.25653e+09 28s
4 65 2.26069e+09 29s
4 66 2.27453e+09 29s
4 67 2.26513e+09 32s
4 68 2.26577e+09 29s
4 69 2.25732e+09 28s
4 70 2.26657e+09 29s
4 71 2.27557e+09 28s
4 72 2.25274e+09 32s
4 73 2.24579e+09 31s
4 74 2.27085e+09 28s
4 75 2.23979e+09 31s
2 2 2.24573e+09 28s
2 3 2.23574e+09 28s
2 4 2.2374e+09 27s
2 5 2.24602e+09 28s
2 6 2.2345e+09 28s
2 7 2.25901e+09 27s
2 8 2.22909e+09 31s
2 9 2.25459e+09 27s
2 10 2.24044e+09 28s
2 11 2.24812e+09 28s
2 12 2.22627e+09 28s
2 13 2.2534e+09 28s
2 14 2.25635e+09 28s
2 15 2.24156e+09 28s
2 16 2.23887e+09 28s
2 17 2.24554e+09 27s
2 18 2.2559e+09 29s
2 19 2.23967e+09 28s
2 20 2.23418e+09 28s
2 21 2.2561e+09 28s
2 22 2.24043e+09 27s
2 23 2.26075e+09 28s
2 24 2.25139e+09 28s
2 25 2.24166e+09 28s
2 26 2.24352e+09 27s
2 27 2.26597e+09 28s
2 28 2.2503e+09 28s
2 29 2.26595e+09 27s
2 30 2.23262e+09 27s
2 31 2.23235e+09 28s
2 32 2.24244e+09 27s
2 33 2.26073e+09 28s
2 34 2.24347e+09 28s
2 35 2.24108e+09 28s
2 12 2.22627e+09 29s
55 660 2.55316e+08 5s
4 298 5.94099e+08 12s
88 768 2.42965e+07 18s
