10 1 2.8874e+08
10 2 2.89876e+08
10 3 2.86527e+08
11 1 2.94209e+08
11 2 2.91432e+08
11 3 2.92457e+08
12 1 2.85028e+08
12 2 2.8605e+08
12 3 2.83342e+08
13 1 2.85183e+08
13 2 2.86246e+08
13 3 2.88321e+08
14 1 2.87803e+08
14 2 2.8127e+08
14 3 2.86163e+08
15 1 3.01734e+08
15 2 2.98583e+08
15 3 2.96159e+08
16 1 2.85986e+08
16 2 2.81322e+08
16 3 2.83859e+08
17 1 2.88676e+08
17 2 2.91932e+08
17 3 2.91986e+08
18 1 2.87383e+08
18 2 2.85455e+08
18 3 2.88282e+08
19 1 2.94511e+08
19 2 2.93252e+08
19 3 2.9488e+08
20 1 2.86762e+08
20 2 2.84524e+08
20 3 2.85381e+08
21 1 2.92935e+08
21 2 2.94334e+08
21 3 2.92532e+08
22 1 2.91441e+08
22 2 2.91838e+08
22 3 2.93773e+08
23 1 2.87661e+08
23 2 2.87254e+08
23 3 2.94835e+08
24 1 2.87853e+08
24 2 2.84888e+08
24 3 2.88136e+08
25 1 2.92012e+08
25 2 2.92906e+08
25 3 2.93368e+08
26 1 2.89046e+08
26 2 2.86252e+08
26 3 2.84746e+08
27 1 2.87976e+08
27 2 2.8736e+08
27 3 2.86839e+08
28 1 2.89366e+08
28 2 2.89678e+08
28 3 2.92482e+08
29 1 2.88121e+08
29 2 2.8612e+08
29 3 2.87625e+08
30 1 2.94127e+08
30 2 2.9515e+08
30 3 2.94144e+08
31 1 2.87762e+08
31 2 2.8795e+08
31 3 2.91351e+08
32 1 2.90401e+08
32 2 2.88678e+08
32 3 2.90184e+08
33 1 3.02911e+08
33 2 3.00835e+08
33 3 3.01682e+08
34 1 2.85545e+08
34 2 2.88873e+08
34 3 2.84287e+08
35 1 2.94203e+08
35 2 2.88402e+08
35 3 2.89598e+08
36 1 2.90478e+08
36 2 2.90793e+08
36 3 2.91589e+08
37 1 2.84995e+08
37 2 2.84675e+08
37 3 2.84775e+08
38 1 2.85601e+08
38 2 2.86525e+08
38 3 2.86632e+08
39 1 2.83591e+08
39 2 2.84002e+08
39 3 2.87144e+08
40 1 2.91404e+08
40 2 2.90808e+08
40 3 2.90238e+08
41 1 2.84939e+08
41 2 2.90264e+08
41 3 2.82279e+08
42 1 2.76145e+08
42 2 2.75717e+08
42 3 2.72614e+08
43 1 2.83744e+08
43 2 2.82953e+08
43 3 2.833e+08
44 1 2.94397e+08
44 2 2.94428e+08
44 3 2.91841e+08
45 1 2.77596e+08
45 2 2.72495e+08
45 3 2.76364e+08
46 1 2.9077e+08
46 2 2.87947e+08
46 3 2.84018e+08
47 1 2.84379e+08
47 2 2.85363e+08
47 3 2.83861e+08
48 1 2.8976e+08
48 2 2.87905e+08
48 3 2.87198e+08
49 1 2.94746e+08
49 2 2.93297e+08
49 3 2.9535e+08
50 1 2.77571e+08
50 2 2.78435e+08
50 3 2.79257e+08
51 1 2.80951e+08
51 2 2.77886e+08
51 3 2.79621e+08
52 1 2.79743e+08
52 2 2.80616e+08
52 3 2.79881e+08
53 1 2.85286e+08
53 2 2.91006e+08
53 3 2.88212e+08
54 1 2.88608e+08
54 2 2.89212e+08
54 3 2.86684e+08
55 1 2.61496e+08
55 2 2.61113e+08
55 3 2.63563e+08
56 1 2.67957e+08
56 2 2.67907e+08
56 3 2.70871e+08
57 1 2.73464e+08
57 2 2.72386e+08
57 3 2.74641e+08
58 1 2.79786e+08
58 2 2.81253e+08
58 3 2.80802e+08
59 1 2.8145e+08
59 2 2.819e+08
59 3 2.82831e+08
60 1 2.83874e+08
60 2 2.83275e+08
60 3 2.83682e+08
61 1 2.85388e+08
61 2 2.87313e+08
61 3 2.85824e+08
62 1 2.9176e+08
62 2 2.94035e+08
62 3 2.90469e+08
63 1 2.95606e+08
63 2 2.94323e+08
63 3 2.94257e+08
64 1 2.69695e+08
64 2 2.67322e+08
64 3 2.70546e+08
65 1 2.70609e+08
65 2 2.6985e+08
65 3 2.71215e+08
66 1 2.72504e+08
66 2 2.69723e+08
66 3 2.70622e+08
67 1 2.73034e+08
67 2 2.70478e+08
67 3 2.72856e+08
68 1 2.6915e+08
68 2 2.72507e+08
68 3 2.7073e+08
69 1 2.75682e+08
69 2 2.80136e+08
69 3 2.78141e+08
70 1 2.73726e+08
70 2 2.72794e+08
70 3 2.74437e+08
71 1 2.74652e+08
71 2 2.72444e+08
71 3 2.74358e+08
72 1 2.79708e+08
72 2 2.76711e+08
72 3 2.75758e+08
73 1 2.84412e+08
73 2 2.84538e+08
73 3 2.8546e+08
74 1 2.85721e+08
74 2 2.91514e+08
74 3 2.92239e+08
75 1 2.8707e+08
75 2 2.87555e+08
75 3 2.85557e+08
76 1 2.90745e+08
76 2 2.8748e+08
76 3 2.9092e+08
77 1 2.89365e+08
77 2 2.86937e+08
77 3 2.89665e+08
78 1 2.76474e+08
78 2 2.78402e+08
78 3 2.78782e+08
79 1 2.78227e+08
79 2 2.79963e+08
79 3 2.79361e+08
80 1 2.81542e+08
80 2 2.78268e+08
80 3 2.77989e+08
81 1 2.72704e+08
81 2 2.69264e+08
81 3 2.7309e+08
82 1 2.78326e+08
82 2 2.77382e+08
82 3 2.78478e+08
83 1 2.6871e+08
83 2 2.68213e+08
83 3 2.6552e+08
84 1 2.73492e+08
84 2 2.76708e+08
84 3 2.77838e+08
85 1 2.63084e+08
85 2 2.69032e+08
85 3 2.65476e+08
86 1 2.752e+08
86 2 2.72588e+08
86 3 2.76972e+08
87 1 2.78028e+08
87 2 2.76772e+08
87 3 2.74492e+08
88 1 2.73832e+08
88 2 2.73306e+08
88 3 2.76904e+08
89 1 2.72863e+08
89 2 2.71161e+08
89 3 2.71567e+08
90 1 2.66764e+08
90 2 2.69047e+08
90 3 2.67777e+08
91 1 2.67622e+08
91 2 2.71877e+08
91 3 2.7027e+08
92 1 2.68876e+08
92 2 2.69673e+08
92 3 2.67584e+08
93 1 2.67261e+08
93 2 2.70385e+08
93 3 2.69065e+08
94 1 2.65879e+08
94 2 2.67494e+08
94 3 2.67127e+08
95 1 2.66937e+08
95 2 2.66981e+08
95 3 2.70356e+08
96 1 2.72143e+08
96 2 2.68486e+08
96 3 2.69496e+08
97 1 2.72607e+08
97 2 2.74822e+08
97 3 2.74558e+08
98 1 2.69401e+08
98 2 2.67435e+08
98 3 2.68901e+08
99 1 2.72719e+08
99 2 2.74215e+08
99 3 2.72638e+08
100 1 2.72915e+08
100 2 2.76461e+08
100 3 2.7557e+08
55 1 2.61496e+08
55 2 2.61113e+08
55 3 2.63563e+08
55 4 2.62082e+08
55 5 2.61261e+08
55 6 2.63421e+08
55 7 2.57058e+08
55 8 2.58827e+08
55 9 2.5905e+08
55 10 2.57573e+08
55 11 2.60674e+08
55 12 2.60484e+08
55 13 2.6327e+08
55 14 2.58144e+08
55 15 2.61813e+08
55 16 2.58416e+08
55 17 2.62168e+08
55 18 2.60199e+08
55 19 2.60385e+08
55 20 2.59751e+08
55 21 2.60296e+08
55 22 2.57093e+08
55 23 2.58455e+08
55 24 2.57221e+08
55 25 2.60699e+08
55 26 2.61206e+08
55 27 2.61259e+08
55 28 2.61744e+08
55 29 2.59552e+08
55 30 2.63345e+08
55 31 2.60205e+08
55 32 2.62127e+08
55 33 2.59016e+08
55 34 2.62372e+08
55 35 2.60105e+08
55 36 2.59291e+08
55 37 2.61701e+08
55 38 2.61525e+08
55 39 2.61229e+08
55 40 2.59389e+08
55 41 2.58788e+08
55 42 2.61083e+08
55 43 2.616e+08
55 44 2.61991e+08
55 45 2.602e+08
55 46 2.57672e+08
55 47 2.59478e+08
55 48 2.60068e+08
55 49 2.59245e+08
55 50 2.59836e+08
55 51 2.60409e+08
55 52 2.61968e+08
55 53 2.61704e+08
55 54 2.62632e+08
55 55 2.61176e+08
55 56 2.61491e+08
55 57 2.63766e+08
55 58 2.6065e+08
55 59 2.60994e+08
55 60 2.62165e+08
55 61 2.59764e+08
55 62 2.62846e+08
55 63 2.5938e+08
55 64 2.61289e+08
55 65 2.62405e+08
55 66 2.597e+08
55 67 2.6269e+08
55 68 2.59324e+08
55 69 2.60138e+08
55 70 2.60931e+08
55 71 2.61404e+08
55 72 2.60875e+08
55 73 2.58553e+08
55 74 2.60148e+08
55 75 2.60429e+08
55 76 2.62635e+08
55 77 2.63723e+08
55 78 2.61098e+08
55 79 2.59794e+08
55 80 2.61786e+08
55 81 2.63315e+08
55 82 2.58009e+08
55 83 2.5988e+08
55 84 2.62524e+08
55 85 2.61672e+08
55 86 2.62026e+08
55 87 2.61752e+08
55 88 2.57345e+08
55 89 2.61825e+08
55 90 2.6163e+08
55 91 2.60318e+08
55 92 2.56639e+08
55 93 2.61349e+08
55 94 2.62237e+08
55 95 2.62432e+08
55 96 2.62451e+08
55 97 2.59901e+08
55 98 2.60151e+08
55 99 2.57591e+08
55 100 2.61866e+08
55 101 2.59999e+08
55 102 2.62828e+08
55 103 2.60929e+08
55 104 2.60585e+08
55 105 2.61043e+08
55 106 2.5964e+08
55 107 2.6145e+08
55 108 2.60001e+08
55 109 2.60881e+08
55 110 2.60879e+08
55 111 2.57314e+08
55 112 2.62941e+08
55 113 2.59202e+08
55 114 2.60639e+08
55 115 2.60472e+08
55 116 2.62538e+08
55 117 2.59624e+08
55 118 2.60824e+08
55 119 2.60232e+08
55 120 2.62418e+08
55 121 2.61937e+08
55 122 2.6134e+08
55 123 2.64691e+08
55 124 2.59686e+08
55 125 2.60826e+08
55 126 2.60394e+08
55 127 2.57148e+08
55 128 2.59834e+08
55 129 2.63115e+08
55 130 2.62625e+08
55 131 2.61838e+08
55 132 2.61166e+08
55 133 2.6062e+08
55 134 2.61155e+08
55 135 2.595e+08
55 136 2.61651e+08
55 137 2.62136e+08
55 138 2.59237e+08
55 139 2.62426e+08
55 140 2.59874e+08
55 141 2.61934e+08
55 142 2.60668e+08
55 143 2.59685e+08
55 144 2.60538e+08
55 145 2.62719e+08
55 146 2.60451e+08
55 147 2.59759e+08
55 148 2.60373e+08
55 149 2.61618e+08
55 150 2.61774e+08
55 151 2.6201e+08
55 152 2.59349e+08
55 153 2.59743e+08
55 154 2.59205e+08
55 155 2.60785e+08
55 156 2.62636e+08
55 157 2.61051e+08
55 158 2.58625e+08
55 159 2.59863e+08
55 160 2.59313e+08
55 161 2.58521e+08
55 162 2.61154e+08
55 163 2.61526e+08
55 164 2.60638e+08
55 165 2.60483e+08
55 166 2.62184e+08
55 167 2.58813e+08
55 168 2.62367e+08
55 169 2.60554e+08
55 170 2.62386e+08
55 171 2.59706e+08
55 172 2.60243e+08
55 173 2.59564e+08
55 174 2.61439e+08
55 175 2.60858e+08
55 176 2.61629e+08
55 177 2.66786e+08
55 178 2.59706e+08
55 179 2.60428e+08
55 180 2.60114e+08
55 181 2.59287e+08
55 182 2.61207e+08
55 183 2.61138e+08
55 184 2.61997e+08
55 185 2.59092e+08
55 186 2.65657e+08
55 187 2.60036e+08
55 188 2.60893e+08
55 189 2.60173e+08
55 190 2.60813e+08
55 191 2.60883e+08
55 192 2.63865e+08
55 193 2.57086e+08
55 194 2.62942e+08
55 195 2.61731e+08
55 196 2.61313e+08
55 197 2.58104e+08
55 198 2.60584e+08
55 199 2.60544e+08
55 200 2.61314e+08
55 201 2.58711e+08
55 202 2.60709e+08
55 203 2.59229e+08
55 204 2.59007e+08
55 205 2.59484e+08
55 206 2.59868e+08
55 207 2.61623e+08
55 208 2.59767e+08
55 209 2.59311e+08
55 210 2.61663e+08
55 211 2.60351e+08
55 212 2.61958e+08
55 213 2.6506e+08
55 214 2.56542e+08
55 215 2.6242e+08
55 216 2.59023e+08
55 217 2.60545e+08
55 218 2.60112e+08
55 219 2.6108e+08
55 220 2.61551e+08
55 221 2.61493e+08
55 222 2.60646e+08
55 223 2.62172e+08
55 224 2.63256e+08
55 225 2.5943e+08
55 226 2.65609e+08
55 227 2.59525e+08
55 228 2.60862e+08
55 229 2.61392e+08
55 230 2.62636e+08
55 231 2.61379e+08
55 232 2.61197e+08
55 233 2.60035e+08
55 234 2.62718e+08
55 235 2.62079e+08
55 236 2.61453e+08
55 237 2.60983e+08
55 238 2.60537e+08
55 239 2.5888e+08
55 240 2.61037e+08
55 241 2.59415e+08
55 242 2.61036e+08
55 243 2.63595e+08
55 244 2.62257e+08
55 245 2.60796e+08
55 246 2.57686e+08
55 247 2.63886e+08
55 248 2.60699e+08
55 249 2.57707e+08
55 250 2.59822e+08
55 251 2.61697e+08
55 252 2.59544e+08
55 253 2.60325e+08
55 254 2.60663e+08
55 255 2.61826e+08
55 256 2.61229e+08
55 257 2.60372e+08
55 258 2.61135e+08
55 259 2.62673e+08
55 260 2.62808e+08
55 261 2.59961e+08
55 262 2.595e+08
55 263 2.61795e+08
55 264 2.60842e+08
55 265 2.62167e+08
55 266 2.59201e+08
55 267 2.62537e+08
55 268 2.60384e+08
55 269 2.6404e+08
55 270 2.59874e+08
55 271 2.60629e+08
55 272 2.60616e+08
55 273 2.59794e+08
55 274 2.64249e+08
55 275 2.61118e+08
55 276 2.61959e+08
55 277 2.60294e+08
55 278 2.63059e+08
55 279 2.61457e+08
55 280 2.60699e+08
55 281 2.60015e+08
55 282 2.60124e+08
55 283 2.61888e+08
55 284 2.632e+08
55 285 2.5707e+08
55 286 2.62538e+08
55 287 2.62619e+08
55 288 2.60886e+08
55 289 2.64681e+08
55 290 2.63766e+08
55 291 2.58374e+08
55 292 2.62764e+08
55 293 2.65126e+08
55 294 2.61922e+08
55 295 2.62885e+08
55 296 2.62164e+08
55 297 2.63054e+08
55 298 2.62025e+08
55 299 2.6158e+08
55 300 2.58021e+08
55 301 2.60841e+08
55 302 2.63872e+08
55 303 2.64041e+08
55 304 2.61597e+08
55 305 2.61252e+08
55 306 2.58252e+08
55 307 2.6147e+08
55 308 2.59104e+08
55 309 2.59271e+08
55 310 2.60361e+08
55 311 2.63294e+08
55 312 2.62099e+08
55 313 2.63295e+08
55 314 2.64413e+08
55 315 2.61248e+08
55 316 2.59022e+08
55 317 2.61079e+08
55 318 2.59512e+08
55 319 2.60769e+08
55 320 2.60994e+08
55 321 2.61666e+08
55 322 2.6127e+08
55 323 2.58473e+08
55 324 2.61038e+08
55 325 2.62593e+08
55 326 2.62886e+08
55 327 2.60257e+08
55 328 2.61239e+08
55 329 2.59347e+08
55 330 2.58157e+08
55 331 2.62941e+08
55 332 2.59452e+08
55 333 2.59075e+08
55 334 2.59455e+08
55 335 2.63596e+08
55 336 2.62171e+08
55 337 2.59475e+08
55 338 2.64576e+08
55 339 2.60356e+08
55 340 2.59976e+08
55 341 2.61691e+08
55 342 2.60864e+08
55 343 2.62009e+08
55 344 2.60064e+08
55 345 2.62151e+08
55 346 2.56367e+08
55 347 2.60273e+08
55 348 2.62767e+08
55 349 2.60351e+08
55 350 2.61997e+08
55 351 2.62095e+08
55 352 2.60716e+08
55 353 2.60462e+08
55 354 2.60383e+08
55 355 2.61601e+08
55 356 2.60908e+08
55 357 2.62476e+08
55 358 2.60497e+08
55 359 2.62304e+08
55 360 2.59935e+08
55 361 2.59489e+08
55 362 2.61925e+08
55 363 2.60528e+08
55 364 2.60382e+08
55 365 2.58819e+08
55 366 2.61353e+08
55 367 2.56965e+08
55 368 2.62357e+08
55 369 2.62798e+08
55 370 2.60016e+08
55 371 2.62799e+08
55 372 2.61102e+08
55 373 2.58348e+08
55 374 2.62643e+08
55 375 2.57757e+08
55 376 2.58714e+08
55 377 2.59726e+08
55 378 2.61024e+08
55 379 2.62417e+08
55 380 2.59738e+08
55 381 2.59495e+08
55 382 2.6065e+08
55 383 2.60588e+08
55 384 2.59638e+08
55 385 2.5992e+08
55 386 2.58442e+08
55 387 2.60262e+08
55 388 2.6197e+08
55 389 2.6269e+08
55 390 2.62565e+08
55 391 2.61635e+08
55 392 2.62766e+08
55 393 2.59421e+08
55 394 2.56878e+08
55 395 2.62658e+08
55 396 2.6027e+08
55 397 2.59759e+08
55 398 2.58114e+08
55 399 2.60095e+08
55 400 2.63216e+08
55 401 2.59664e+08
55 402 2.61246e+08
55 403 2.5965e+08
55 404 2.59815e+08
55 405 2.61154e+08
55 406 2.58154e+08
55 407 2.6196e+08
55 408 2.58225e+08
55 409 2.61974e+08
55 410 2.60015e+08
55 411 2.60258e+08
55 412 2.63657e+08
55 413 2.59574e+08
55 414 2.61196e+08
55 415 2.58073e+08
55 416 2.62088e+08
55 417 2.60778e+08
55 418 2.62889e+08
55 419 2.66953e+08
55 420 2.60586e+08
55 421 2.57691e+08
55 422 2.63433e+08
55 423 2.58153e+08
55 424 2.60029e+08
55 425 2.58871e+08
55 426 2.61181e+08
55 427 2.60965e+08
55 428 2.59046e+08
55 429 2.59809e+08
55 430 2.58587e+08
55 431 2.59083e+08
55 432 2.59732e+08
55 433 2.59857e+08
55 434 2.59298e+08
55 435 2.6022e+08
55 436 2.62319e+08
55 437 2.62922e+08
55 438 2.58676e+08
55 439 2.60135e+08
55 440 2.61129e+08
55 441 2.60637e+08
55 442 2.60312e+08
55 443 2.57505e+08
55 444 2.61242e+08
55 445 2.62997e+08
55 446 2.61371e+08
55 447 2.60815e+08
55 448 2.60875e+08
55 449 2.62836e+08
55 450 2.60927e+08
55 451 2.6183e+08
55 452 2.62483e+08
55 453 2.62356e+08
55 454 2.59739e+08
55 455 2.60233e+08
55 456 2.63398e+08
55 457 2.61467e+08
55 458 2.59111e+08
55 459 2.61147e+08
55 460 2.58819e+08
55 461 2.59584e+08
55 462 2.6392e+08
55 463 2.60973e+08
55 464 2.61702e+08
55 465 2.60774e+08
55 466 2.60004e+08
55 467 2.60354e+08
55 468 2.61398e+08
55 469 2.60976e+08
55 470 2.58497e+08
55 471 2.62494e+08
55 472 2.59471e+08
55 473 2.60282e+08
55 474 2.58786e+08
55 475 2.60457e+08
55 476 2.62967e+08
55 477 2.58696e+08
55 478 2.61523e+08
55 479 2.64458e+08
55 480 2.58663e+08
55 481 2.56525e+08
55 482 2.57321e+08
55 483 2.60955e+08
55 484 2.60066e+08
55 485 2.60623e+08
55 486 2.61597e+08
55 487 2.60938e+08
55 488 2.60084e+08
55 489 2.60398e+08
55 490 2.60024e+08
55 491 2.60352e+08
55 492 2.61509e+08
55 493 2.60645e+08
55 494 2.62002e+08
55 495 2.60578e+08
55 496 2.63906e+08
55 497 2.60841e+08
55 498 2.61608e+08
55 499 2.60308e+08
55 500 2.60045e+08
55 501 2.61634e+08
55 502 2.63223e+08
55 503 2.59563e+08
55 504 2.58699e+08
55 505 2.60943e+08
55 506 2.60746e+08
55 507 2.63317e+08
55 508 2.64115e+08
55 509 2.57202e+08
55 510 2.59739e+08
55 511 2.59154e+08
55 512 2.60299e+08
55 513 2.59836e+08
55 514 2.61579e+08
55 515 2.61088e+08
55 516 2.59967e+08
55 517 2.6255e+08
55 518 2.60995e+08
55 519 2.6254e+08
55 520 2.57766e+08
55 521 2.61879e+08
55 522 2.63244e+08
55 523 2.60431e+08
55 524 2.6209e+08
55 525 2.658e+08
55 526 2.59716e+08
55 527 2.57889e+08
55 528 2.62597e+08
55 529 2.60856e+08
55 530 2.58361e+08
55 531 2.60756e+08
55 532 2.59288e+08
55 533 2.6017e+08
55 534 2.63109e+08
55 535 2.6303e+08
55 536 2.6086e+08
55 537 2.6127e+08
55 538 2.61959e+08
55 539 2.63306e+08
55 540 2.59442e+08
55 541 2.60683e+08
55 542 2.58864e+08
55 543 2.59904e+08
55 544 2.62913e+08
55 545 2.6119e+08
55 546 2.62999e+08
55 547 2.57968e+08
55 548 2.60866e+08
55 549 2.61964e+08
55 550 2.60663e+08
55 551 2.62654e+08
55 552 2.59775e+08
55 553 2.6206e+08
55 554 2.58136e+08
55 555 2.59755e+08
55 556 2.61947e+08
55 557 2.6138e+08
55 558 2.60243e+08
55 559 2.5951e+08
55 560 2.60515e+08
55 561 2.59718e+08
55 562 2.5854e+08
55 563 2.63353e+08
55 564 2.62049e+08
55 565 2.61469e+08
55 566 2.62206e+08
55 567 2.59507e+08
55 568 2.62037e+08
55 569 2.61929e+08
55 570 2.60656e+08
55 571 2.61853e+08
55 572 2.60892e+08
55 573 2.61057e+08
55 574 2.61567e+08
55 575 2.62054e+08
55 576 2.59378e+08
55 577 2.62284e+08
55 578 2.58888e+08
55 579 2.61356e+08
55 580 2.62469e+08
55 581 2.59792e+08
55 582 2.60125e+08
55 583 2.59217e+08
55 584 2.62827e+08
55 585 2.59441e+08
55 586 2.62942e+08
55 587 2.57162e+08
55 588 2.60666e+08
55 589 2.6426e+08
55 590 2.60694e+08
55 591 2.59779e+08
55 592 2.65041e+08
55 593 2.57942e+08
55 594 2.59231e+08
55 595 2.6341e+08
55 596 2.6068e+08
55 597 2.59347e+08
55 598 2.62313e+08
55 599 2.59989e+08
55 600 2.60929e+08
55 601 2.59651e+08
55 602 2.63555e+08
55 603 2.58788e+08
55 604 2.60311e+08
55 605 2.61894e+08
55 606 2.61388e+08
55 607 2.57513e+08
55 608 2.60825e+08
55 609 2.62028e+08
55 610 2.62436e+08
55 611 2.61919e+08
55 612 2.61207e+08
55 613 2.59829e+08
55 614 2.60409e+08
55 615 2.61537e+08
55 616 2.60655e+08
55 617 2.61727e+08
55 618 2.60729e+08
55 619 2.60121e+08
55 620 2.5875e+08
55 621 2.59362e+08
55 622 2.61688e+08
55 623 2.59659e+08
55 624 2.60577e+08
55 625 2.61259e+08
55 626 2.63351e+08
55 627 2.58411e+08
55 628 2.62373e+08
55 629 2.6054e+08
55 630 2.61089e+08
55 631 2.60455e+08
55 632 2.6162e+08
55 633 2.58866e+08
55 634 2.61629e+08
55 635 2.59192e+08
55 636 2.60676e+08
55 637 2.60638e+08
55 638 2.61053e+08
55 639 2.58706e+08
55 640 2.5868e+08
55 641 2.60099e+08
55 642 2.59421e+08
55 643 2.61748e+08
55 644 2.57671e+08
55 645 2.62645e+08
55 646 2.58717e+08
55 647 2.61776e+08
55 648 2.62409e+08
55 649 2.60369e+08
55 650 2.60454e+08
55 651 2.55828e+08
55 652 2.62831e+08
55 653 2.61215e+08
55 654 2.61166e+08
55 655 2.62274e+08
55 656 2.57579e+08
55 657 2.60609e+08
55 658 2.6075e+08
55 659 2.60853e+08
55 660 2.55316e+08
55 661 2.59945e+08
55 662 2.60479e+08
55 663 2.6143e+08
55 664 2.5973e+08
55 665 2.59982e+08
55 666 2.60481e+08
55 667 2.59607e+08
55 668 2.60111e+08
55 669 2.6219e+08
55 670 2.59344e+08
55 671 2.57064e+08
55 672 2.59591e+08
55 673 2.60282e+08
55 674 2.61943e+08
55 675 2.59953e+08
55 676 2.59517e+08
55 677 2.59909e+08
55 678 2.61048e+08
55 679 2.59634e+08
55 680 2.57214e+08
55 681 2.59849e+08
55 682 2.60374e+08
55 683 2.63561e+08
55 684 2.62194e+08
55 685 2.61247e+08
55 686 2.60065e+08
55 687 2.61919e+08
55 688 2.60791e+08
55 689 2.59863e+08
55 690 2.65102e+08
55 691 2.63755e+08
55 692 2.59489e+08
55 693 2.62185e+08
55 694 2.63941e+08
55 695 2.61339e+08
55 696 2.61092e+08
55 697 2.60663e+08
55 698 2.61116e+08
55 699 2.61428e+08
55 700 2.61639e+08
55 701 2.60549e+08
55 702 2.58847e+08
55 703 2.59926e+08
55 704 2.60524e+08
55 705 2.60291e+08
55 706 2.61869e+08
55 707 2.59093e+08
55 708 2.58404e+08
55 709 2.59368e+08
55 710 2.62759e+08
55 711 2.5979e+08
55 712 2.60984e+08
55 713 2.5679e+08
55 714 2.63178e+08
55 715 2.62025e+08
55 716 2.60728e+08
55 717 2.61327e+08
55 718 2.62473e+08
55 719 2.63352e+08
55 720 2.60105e+08
55 721 2.59583e+08
55 722 2.60311e+08
55 723 2.62218e+08
55 724 2.58709e+08
55 725 2.6143e+08
55 726 2.60076e+08
55 727 2.59166e+08
55 728 2.62834e+08
55 729 2.61167e+08
55 730 2.59679e+08
55 731 2.60454e+08
55 732 2.61243e+08
55 733 2.62664e+08
55 734 2.61923e+08
55 735 2.6031e+08
55 736 2.61524e+08
55 737 2.61636e+08
55 738 2.58379e+08
55 739 2.59622e+08
55 740 2.60956e+08
55 741 2.62194e+08
55 742 2.63326e+08
55 743 2.59759e+08
55 744 2.60094e+08
55 745 2.62018e+08
55 746 2.62389e+08
55 747 2.62164e+08
55 748 2.62205e+08
55 749 2.60553e+08
55 750 2.59369e+08
55 751 2.60622e+08
55 752 2.5965e+08
55 753 2.57994e+08
55 754 2.60733e+08
55 755 2.62122e+08
55 756 2.63802e+08
55 757 2.62553e+08
55 758 2.56115e+08
55 759 2.60786e+08
55 760 2.60764e+08
55 761 2.59225e+08
55 762 2.61373e+08
55 763 2.60098e+08
55 764 2.60773e+08
55 765 2.58159e+08
55 766 2.62338e+08
55 767 2.62345e+08
55 768 2.60889e+08
55 769 2.61515e+08
55 770 2.5642e+08
55 771 2.59911e+08
55 772 2.60828e+08
55 773 2.60142e+08
55 774 2.62849e+08
55 775 2.60866e+08
55 776 2.59362e+08
55 777 2.61851e+08
55 778 2.60812e+08
55 779 2.60214e+08
55 780 2.57339e+08
55 781 2.60252e+08
55 782 2.5911e+08
55 783 2.62959e+08
55 784 2.62709e+08
55 785 2.60807e+08
55 786 2.60729e+08
55 787 2.6066e+08
55 788 2.61073e+08
55 789 2.63094e+08
55 790 2.6105e+08
55 791 2.58276e+08
55 792 2.60811e+08
55 793 2.61737e+08
55 794 2.61478e+08
55 795 2.61015e+08
55 796 2.57322e+08
55 797 2.59841e+08
55 798 2.60742e+08
55 799 2.6047e+08
55 800 2.60178e+08
55 801 2.59687e+08
55 802 2.62111e+08
55 803 2.59798e+08
55 804 2.59886e+08
55 805 2.60453e+08
55 806 2.61404e+08
55 807 2.62511e+08
55 808 2.5806e+08
55 809 2.60863e+08
55 810 2.59118e+08
55 811 2.59867e+08
55 812 2.62912e+08
55 813 2.61603e+08
55 814 2.55928e+08
55 815 2.62161e+08
55 816 2.61185e+08
55 817 2.60508e+08
55 818 2.58299e+08
55 819 2.599e+08
55 820 2.61119e+08
55 821 2.64826e+08
55 822 2.61343e+08
55 823 2.61339e+08
55 824 2.58863e+08
55 825 2.6118e+08
55 826 2.59317e+08
55 827 2.60206e+08
55 828 2.60116e+08
55 829 2.55704e+08
55 830 2.59285e+08
55 831 2.60341e+08
55 832 2.56868e+08
55 833 2.63798e+08
55 834 2.60609e+08
55 835 2.59889e+08
55 836 2.59814e+08
55 837 2.60097e+08
55 838 2.59014e+08
55 839 2.59752e+08
55 840 2.64758e+08
55 841 2.62597e+08
55 842 2.59457e+08
55 843 2.60814e+08
55 844 2.59134e+08
55 845 2.62027e+08
55 846 2.62817e+08
55 847 2.59818e+08
55 848 2.61092e+08
55 849 2.61787e+08
55 850 2.62825e+08
55 851 2.61909e+08
55 852 2.58772e+08
55 853 2.6201e+08
55 854 2.59367e+08
55 855 2.62417e+08
55 856 2.60452e+08
55 857 2.61661e+08
55 858 2.59381e+08
55 859 2.62506e+08
55 860 2.63948e+08
55 861 2.61293e+08
55 862 2.6092e+08
55 863 2.59955e+08
55 864 2.59701e+08
55 865 2.61025e+08
55 866 2.61688e+08
55 867 2.57863e+08
55 868 2.62441e+08
55 869 2.62408e+08
55 870 2.62468e+08
55 871 2.62842e+08
55 872 2.63593e+08
55 873 2.59869e+08
55 874 2.59908e+08
55 875 2.59204e+08
55 876 2.62646e+08
55 877 2.61598e+08
55 878 2.59565e+08
55 879 2.5996e+08
55 880 2.60065e+08
55 881 2.61397e+08
55 882 2.62718e+08
55 883 2.61184e+08
55 884 2.64192e+08
55 885 2.61092e+08
55 886 2.61855e+08
55 887 2.61745e+08
55 888 2.61805e+08
55 889 2.59034e+08
55 890 2.60189e+08
55 891 2.60679e+08
55 892 2.62704e+08
55 893 2.58991e+08
55 894 2.6044e+08
55 895 2.60891e+08
55 896 2.59788e+08
55 897 2.57907e+08
55 898 2.59252e+08
55 899 2.63264e+08
55 900 2.61941e+08
55 901 2.58497e+08
55 902 2.60787e+08
55 903 2.60704e+08
55 904 2.60826e+08
55 905 2.60715e+08
55 906 2.58684e+08
55 907 2.62634e+08
55 908 2.59838e+08
55 909 2.60345e+08
55 910 2.60984e+08
55 911 2.61636e+08
55 912 2.61981e+08
55 913 2.60991e+08
55 914 2.63123e+08
55 915 2.63983e+08
55 916 2.62886e+08
55 917 2.62341e+08
55 918 2.6035e+08
55 919 2.60785e+08
55 920 2.63701e+08
55 921 2.60516e+08
55 922 2.60167e+08
55 923 2.60939e+08
55 924 2.62095e+08
55 925 2.61123e+08
55 926 2.60539e+08
55 927 2.5945e+08
55 928 2.61398e+08
55 929 2.58714e+08
55 930 2.6072e+08
55 931 2.60417e+08
55 932 2.57902e+08
55 933 2.60582e+08
55 934 2.59923e+08
55 935 2.59864e+08
55 936 2.6043e+08
55 937 2.59994e+08
55 938 2.61553e+08
55 939 2.58721e+08
55 940 2.61384e+08
55 941 2.58722e+08
55 942 2.61506e+08
55 943 2.62386e+08
55 944 2.61135e+08
55 945 2.59397e+08
55 946 2.61425e+08
55 947 2.58225e+08
55 948 2.57095e+08
55 949 2.61407e+08
55 950 2.638e+08
55 951 2.6171e+08
55 952 2.61255e+08
55 953 2.58711e+08
55 954 2.62253e+08
55 955 2.61294e+08
55 956 2.59654e+08
55 957 2.60782e+08
55 958 2.57753e+08
55 959 2.59392e+08
55 960 2.6105e+08
55 961 2.62126e+08
55 962 2.59769e+08
55 963 2.607e+08
55 964 2.62433e+08
55 965 2.60759e+08
55 966 2.5934e+08
55 967 2.60949e+08
55 968 2.6004e+08
55 969 2.6209e+08
55 970 2.63023e+08
55 971 2.61804e+08
55 972 2.61088e+08
55 973 2.61666e+08
55 974 2.60531e+08
55 975 2.6236e+08
55 976 2.58183e+08
55 977 2.61361e+08
55 978 2.60093e+08
55 979 2.61668e+08
55 980 2.61822e+08
55 981 2.61333e+08
55 982 2.60463e+08
55 983 2.63568e+08
55 984 2.60931e+08
55 985 2.60185e+08
55 986 2.61872e+08
55 987 2.61327e+08
55 988 2.61388e+08
55 989 2.62295e+08
55 990 2.62155e+08
55 991 2.62122e+08
55 992 2.60941e+08
55 993 2.62647e+08
55 994 2.63253e+08
55 995 2.61272e+08
55 996 2.62989e+08
55 997 2.6127e+08
55 998 2.62601e+08
55 999 2.64363e+08
55 1000 2.60618e+08
55 660 2.55316e+08
55 660 2.56712e+08
55 660 2.55316e+08
